0.862674	-0.505611

0.862556	-0.505137

0.862437	-0.504663

0.862318	-0.504188

0.862198	-0.503713

0.862077	-0.503238

0.861956	-0.502762

0.861834	-0.502285

0.861712	-0.501808

0.861589	-0.501331

0.861466	-0.500853

0.861342	-0.500375

0.861217	-0.499896

0.861092	-0.499417

0.860966	-0.498937

0.86084	-0.498457

0.860713	-0.497976

0.860585	-0.497495

0.860457	-0.497013

0.860329	-0.496531

0.860199	-0.496049

0.86007	-0.495566

0.859939	-0.495082

0.859808	-0.494598

0.859677	-0.494114

0.859545	-0.493629

0.859412	-0.493144

0.859279	-0.492658

0.859145	-0.492171

0.859011	-0.491685

0.858876	-0.491197

0.858741	-0.49071

0.858604	-0.490222

0.858468	-0.489733

0.858331	-0.489244

0.858193	-0.488754

0.858054	-0.488264

0.857915	-0.487774

0.857776	-0.487283

0.857636	-0.486791

0.857495	-0.486299

0.857354	-0.485807

0.857212	-0.485314

0.85707	-0.484821

0.856927	-0.484327

0.856783	-0.483833

0.856639	-0.483338

0.856494	-0.482843

0.856349	-0.482347

0.856203	-0.481851

0.856057	-0.481355

0.85591	-0.480858

0.855762	-0.48036

0.855614	-0.479862

0.855466	-0.479364

0.855316	-0.478865

0.855167	-0.478365

0.855016	-0.477865

0.854865	-0.477365

0.854714	-0.476864

0.854561	-0.476363

0.854409	-0.475861

0.854255	-0.475359

0.854102	-0.474856

0.853947	-0.474353

0.853792	-0.473849

0.853637	-0.473345

0.85348	-0.472841

0.853324	-0.472336

0.853166	-0.47183

0.853009	-0.471324

0.85285	-0.470818

0.852691	-0.470311

0.852532	-0.469804

0.852371	-0.469296

0.852211	-0.468788

0.852049	-0.468279

0.851887	-0.46777

0.851725	-0.46726

0.851562	-0.46675

0.851398	-0.466239

0.851234	-0.465728

0.851069	-0.465216

0.850904	-0.464704

0.850738	-0.464192

0.850572	-0.463679

0.850405	-0.463165

0.850237	-0.462651

0.850069	-0.462137

0.8499	-0.461622

0.849731	-0.461107

0.849561	-0.460591

0.84939	-0.460075

0.849219	-0.459558

0.849048	-0.459041

0.848875	-0.458523

0.848703	-0.458005

0.848529	-0.457486

0.848355	-0.456967

0.848181	-0.456448

0.848006	-0.455928

0.84783	-0.455407

0.847654	-0.454886

0.847477	-0.454365

0.8473	-0.453843

0.847122	-0.453321

0.846943	-0.452798

0.846764	-0.452275

0.846585	-0.451751

0.846404	-0.451227

0.846224	-0.450702

0.846042	-0.450177

0.84586	-0.449651

0.845678	-0.449125

0.845495	-0.448599

0.845311	-0.448072

0.845127	-0.447544

0.844942	-0.447016

0.844756	-0.446488

0.84457	-0.445959

0.844384	-0.445429

0.844197	-0.444899

0.844009	-0.444369

0.843821	-0.443838

0.843632	-0.443307

0.843443	-0.442775

0.843253	-0.442243

0.843062	-0.441711

0.842871	-0.441177

0.842679	-0.440644

0.842487	-0.44011

0.842294	-0.439575

0.842101	-0.43904

0.841907	-0.438505

0.841712	-0.437969

0.841517	-0.437432

0.841321	-0.436896

0.841125	-0.436358

0.840928	-0.43582

0.840731	-0.435282

0.840533	-0.434743

0.840334	-0.434204

0.840135	-0.433665

0.839935	-0.433124

0.839735	-0.432584

0.839534	-0.432043

0.839332	-0.431501

0.83913	-0.430959

0.838928	-0.430417

0.838725	-0.429874

0.838521	-0.42933

0.838317	-0.428786

0.838112	-0.428242

0.837906	-0.427697

0.8377	-0.427152

0.837494	-0.426606

0.837286	-0.42606

0.837079	-0.425513

0.83687	-0.424966

0.836661	-0.424418

0.836452	-0.42387

0.836242	-0.423322

0.836031	-0.422773

0.83582	-0.422223

0.835608	-0.421673

0.835396	-0.421123

0.835183	-0.420572

0.834969	-0.42002

0.834755	-0.419469

0.834541	-0.418916

0.834325	-0.418363

0.83411	-0.41781

0.833893	-0.417256

0.833676	-0.416702

0.833459	-0.416148

0.833241	-0.415592

0.833022	-0.415037

0.832803	-0.414481

0.832583	-0.413924

0.832363	-0.413367

0.832142	-0.41281

0.83192	-0.412252

0.831698	-0.411693

0.831475	-0.411135

0.831252	-0.410575

0.831028	-0.410015

0.830804	-0.409455

0.830579	-0.408894

0.830353	-0.408333

0.830127	-0.407771

0.829901	-0.407209

0.829673	-0.406647

0.829445	-0.406084

0.829217	-0.40552

0.828988	-0.404956

0.828759	-0.404392

0.828528	-0.403827

0.828298	-0.403261

0.828066	-0.402695

0.827835	-0.402129

0.827602	-0.401562

0.827369	-0.400995

0.827136	-0.400427

0.826901	-0.399859

0.826667	-0.39929

0.826431	-0.398721

0.826196	-0.398151

0.825959	-0.397581

0.825722	-0.39701

0.825484	-0.396439

0.825246	-0.395868

0.825008	-0.395296

0.824768	-0.394723

0.824528	-0.39415

0.824288	-0.393577

0.824047	-0.393003

0.823805	-0.392429

0.823563	-0.391854

0.82332	-0.391279

0.823077	-0.390703

0.822833	-0.390127

0.822589	-0.38955

0.822344	-0.388973

0.822098	-0.388395

0.821852	-0.387817

0.821605	-0.387239

0.821358	-0.38666

0.82111	-0.38608

0.820861	-0.3855

0.820612	-0.38492

0.820363	-0.384339

0.820112	-0.383758

0.819862	-0.383176

0.81961	-0.382594

0.819358	-0.382011

0.819106	-0.381428

0.818853	-0.380844

0.818599	-0.38026

0.818345	-0.379675

0.81809	-0.37909

0.817835	-0.378504

0.817579	-0.377918

0.817322	-0.377332

0.817065	-0.376745

0.816808	-0.376157

0.816549	-0.37557

0.816291	-0.374981

0.816031	-0.374392

0.815771	-0.373803

0.815511	-0.373213

0.81525	-0.372623

0.814988	-0.372032

0.814726	-0.371441

0.814463	-0.370849

0.814199	-0.370257

0.813936	-0.369665

0.813671	-0.369072

0.813406	-0.368478

0.81314	-0.367884

0.812874	-0.36729

0.812607	-0.366695

0.81234	-0.366099

0.812072	-0.365503

0.811803	-0.364907

0.811534	-0.36431

0.811264	-0.363713

0.810994	-0.363115

0.810723	-0.362517

0.810452	-0.361918

0.81018	-0.361319

0.809907	-0.360719

0.809634	-0.360119

0.80936	-0.359519

0.809086	-0.358918

0.808811	-0.358316

0.808536	-0.357714

0.80826	-0.357112

0.807983	-0.356509

0.807706	-0.355906

0.807428	-0.355302

0.80715	-0.354697

0.806871	-0.354093

0.806592	-0.353487

0.806312	-0.352882

0.806031	-0.352276

0.80575	-0.351669

0.805468	-0.351062

0.805186	-0.350454

0.804903	-0.349846

0.804619	-0.349238

0.804335	-0.348629

0.804051	-0.348019

0.803766	-0.347409

0.80348	-0.346799

0.803193	-0.346188

0.802907	-0.345577

0.802619	-0.344965

0.802331	-0.344353

0.802042	-0.34374

0.801753	-0.343127

0.801463	-0.342513

0.801173	-0.341899

0.800882	-0.341284

0.800591	-0.340669

0.800299	-0.340054

0.800006	-0.339438

0.799713	-0.338821

0.799419	-0.338204

0.799125	-0.337587

0.79883	-0.336969

0.798534	-0.336351

0.798238	-0.335732

0.797941	-0.335112

0.797644	-0.334493

0.797346	-0.333872

0.797048	-0.333252

0.796749	-0.332631

0.796449	-0.332009

0.796149	-0.331387

0.795849	-0.330764

0.795547	-0.330141

0.795246	-0.329518

0.794943	-0.328894

0.79464	-0.328269

0.794337	-0.327644

0.794033	-0.327019

0.793728	-0.326393

0.793423	-0.325767

0.793117	-0.32514

0.79281	-0.324513

0.792503	-0.323885

0.792196	-0.323257

0.791888	-0.322628

0.791579	-0.321999

0.79127	-0.32137

0.79096	-0.32074

0.790649	-0.320109

0.790338	-0.319478

0.790027	-0.318847

0.789715	-0.318215

0.789402	-0.317582

0.789089	-0.316949

0.788775	-0.316316

0.78846	-0.315682

0.788145	-0.315048

0.78783	-0.314413

0.787514	-0.313778

0.787197	-0.313142

0.78688	-0.312506

0.786562	-0.311869

0.786243	-0.311232

0.785924	-0.310595

0.785605	-0.309957

0.785285	-0.309318

0.784964	-0.308679

0.784642	-0.30804

0.784321	-0.3074

0.783998	-0.30676

0.783675	-0.306119

0.783351	-0.305478

0.783027	-0.304836

0.782703	-0.304194

0.782377	-0.303551

0.782051	-0.302908

0.781725	-0.302264

0.781398	-0.30162

0.78107	-0.300975

0.780742	-0.30033

0.780413	-0.299685

0.780084	-0.299039

0.779754	-0.298392

0.779423	-0.297745

0.779092	-0.297098

0.778761	-0.29645

0.778428	-0.295802

0.778096	-0.295153

0.777762	-0.294504

0.777428	-0.293854

0.777094	-0.293204

0.776759	-0.292553

0.776423	-0.291902

0.776087	-0.29125

0.77575	-0.290598

0.775413	-0.289946

0.775075	-0.289293

0.774736	-0.288639

0.774397	-0.287985

0.774057	-0.287331

0.773717	-0.286676

0.773376	-0.286021

0.773035	-0.285365

0.772693	-0.284709

0.77235	-0.284052

0.772007	-0.283395

0.771664	-0.282737

0.771319	-0.282079

0.770975	-0.28142

0.770629	-0.280761

0.770283	-0.280102

0.769937	-0.279441

0.76959	-0.278781

0.769242	-0.27812

0.768894	-0.277459

0.768545	-0.276797

0.768195	-0.276134

0.767845	-0.275471

0.767495	-0.274808

0.767144	-0.274144

0.766792	-0.27348

0.76644	-0.272815

0.766087	-0.27215

0.765733	-0.271485

0.765379	-0.270818

0.765025	-0.270152

0.76467	-0.269485

0.764314	-0.268817

0.763957	-0.268149

0.763601	-0.267481

0.763243	-0.266812

0.762885	-0.266142

0.762527	-0.265473

0.762167	-0.264802

0.761808	-0.264131

0.761447	-0.26346

0.761086	-0.262788

0.760725	-0.262116

0.760363	-0.261444

0.76	-0.26077

0.759637	-0.260097

0.759273	-0.259423

0.758909	-0.258748

0.758544	-0.258073

0.758179	-0.257398

0.757813	-0.256722

0.757446	-0.256045

0.757079	-0.255368

0.756711	-0.254691

0.756343	-0.254013

0.755974	-0.253335

0.755604	-0.252656

0.755234	-0.251977

0.754864	-0.251297

0.754492	-0.250617

0.754121	-0.249936

0.753748	-0.249255

0.753375	-0.248574

0.753002	-0.247892

0.752628	-0.247209

0.752253	-0.246526

0.751878	-0.245843

0.751502	-0.245159

0.751126	-0.244474

0.750749	-0.24379

0.750371	-0.243104

0.749993	-0.242418

0.749614	-0.241732

0.749235	-0.241045

0.748855	-0.240358

0.748475	-0.239671

0.748094	-0.238982

0.747712	-0.238294

0.74733	-0.237605

0.746948	-0.236915

0.746564	-0.236225

0.74618	-0.235535

0.745796	-0.234844

0.745411	-0.234152

0.745026	-0.233461

0.744639	-0.232768

0.744253	-0.232075

0.743865	-0.231382

0.743478	-0.230688

0.743089	-0.229994

0.7427	-0.229299

0.742311	-0.228604

0.74192	-0.227909

0.74153	-0.227213

0.741138	-0.226516

0.740747	-0.225819

0.740354	-0.225121

0.739961	-0.224424

0.739568	-0.223725

0.739173	-0.223026

0.738779	-0.222327

0.738383	-0.221627

0.737988	-0.220927

0.737591	-0.220226

0.737194	-0.219525

0.736796	-0.218823

0.736398	-0.218121

0.736	-0.217418

0.7356	-0.216715

0.7352	-0.216011

0.7348	-0.215307

0.734399	-0.214603

0.733997	-0.213898

0.733595	-0.213192

0.733192	-0.212486

0.732789	-0.21178

0.732385	-0.211073

0.731981	-0.210366

0.731576	-0.209658

0.73117	-0.20895

0.730764	-0.208241

0.730357	-0.207532

0.72995	-0.206822

0.729542	-0.206112

0.729133	-0.205401

0.728724	-0.20469

0.728314	-0.203979

0.727904	-0.203267

0.727493	-0.202554

0.727082	-0.201841

0.72667	-0.201128

0.726258	-0.200414

0.725845	-0.1997

0.725431	-0.198985

0.725017	-0.19827

0.724602	-0.197554

0.724187	-0.196838

0.723771	-0.196121

0.723354	-0.195404

0.722937	-0.194686

0.722519	-0.193968

0.722101	-0.193249

0.721682	-0.19253

0.721263	-0.191811

0.720843	-0.191091

0.720422	-0.19037

0.720001	-0.189649

0.71958	-0.188928

0.719157	-0.188206

0.718734	-0.187484

0.718311	-0.186761

0.717887	-0.186038

0.717463	-0.185314

0.717037	-0.18459

0.716612	-0.183865

0.716185	-0.18314

0.715759	-0.182415

0.715331	-0.181689

0.714903	-0.180962

0.714475	-0.180235

0.714046	-0.179507

0.713616	-0.17878

0.713186	-0.178051

0.712755	-0.177322

0.712323	-0.176593

0.711891	-0.175863

0.711459	-0.175133

0.711025	-0.174402

0.710592	-0.173671

0.710157	-0.172939

0.709723	-0.172207

0.709287	-0.171474

0.708851	-0.170741

0.708415	-0.170008

0.707977	-0.169274

0.70754	-0.168539

0.707101	-0.167804

0.706662	-0.167069

0.706223	-0.166333

0.705783	-0.165597

0.705342	-0.16486

0.704901	-0.164122

0.704459	-0.163385

0.704017	-0.162646

0.703574	-0.161908

0.703131	-0.161169

0.702687	-0.160429

0.702242	-0.159689

0.701797	-0.158948

0.701351	-0.158207

0.700905	-0.157466

0.700458	-0.156724

0.70001	-0.155981

0.699562	-0.155238

0.699114	-0.154495

0.698664	-0.153751

0.698215	-0.153007

0.697764	-0.152262

0.697313	-0.151517

0.696862	-0.150771

0.69641	-0.150025

0.695957	-0.149278

0.695504	-0.148531

0.69505	-0.147783

0.694596	-0.147035

0.694141	-0.146287

0.693685	-0.145538

0.693229	-0.144788

0.692772	-0.144038

0.692315	-0.143288

0.691857	-0.142537

0.691399	-0.141786

0.69094	-0.141034

0.69048	-0.140281

0.69002	-0.139529

0.68956	-0.138775

0.689098	-0.138022

0.688637	-0.137268

0.688174	-0.136513

0.687711	-0.135758

0.687248	-0.135002

0.686784	-0.134246

0.686319	-0.13349

0.685854	-0.132733

0.685388	-0.131975

0.684921	-0.131217

0.684454	-0.130459

0.683987	-0.1297

0.683519	-0.128941

0.68305	-0.128181

0.682581	-0.127421

0.682111	-0.12666

0.68164	-0.125899

0.681169	-0.125137

0.680698	-0.124375

0.680226	-0.123613

0.679753	-0.122849

0.67928	-0.122086

0.678806	-0.121322

0.678331	-0.120557

0.677856	-0.119793

0.677381	-0.119027

0.676904	-0.118261

0.676428	-0.117495

0.67595	-0.116728

0.675473	-0.115961

0.674994	-0.115193

0.674515	-0.114425

0.674035	-0.113656

0.673555	-0.112887

0.673074	-0.112117

0.672593	-0.111347

0.672111	-0.110577

0.671629	-0.109806

0.671146	-0.109034

0.670662	-0.108262

0.670178	-0.10749

0.669693	-0.106717

0.669208	-0.105944

0.668722	-0.10517

0.668235	-0.104395

0.667748	-0.103621

0.667261	-0.102845

0.666772	-0.10207

0.666284	-0.101294

0.665794	-0.100517

0.665304	-0.0997399

0.664814	-0.0989623

0.664323	-0.0981842

0.663831	-0.0974057

0.663339	-0.0966267

0.662846	-0.0958473

0.662353	-0.0950674

0.661859	-0.094287

0.661364	-0.0935061

0.660869	-0.0927248

0.660374	-0.091943

0.659877	-0.0911607

0.659381	-0.090378

0.658883	-0.0895948

0.658385	-0.0888111

0.657887	-0.088027

0.657388	-0.0872424

0.656888	-0.0864573

0.656388	-0.0856718

0.655887	-0.0848858

0.655385	-0.0840993

0.654883	-0.0833123

0.654381	-0.0825249

0.653878	-0.081737

0.653374	-0.0809487

0.65287	-0.0801599

0.652365	-0.0793706

0.65186	-0.0785808

0.651354	-0.0777906

0.650847	-0.0769999

0.65034	-0.0762088

0.649832	-0.0754171

0.649324	-0.074625

0.648815	-0.0738325

0.648306	-0.0730394

0.647796	-0.0722459

0.647285	-0.071452

0.646774	-0.0706575

0.646262	-0.0698626

0.64575	-0.0690672

0.645237	-0.0682714

0.644723	-0.0674751

0.644209	-0.0666783

0.643695	-0.0658811

0.64318	-0.0650833

0.642664	-0.0642851

0.642148	-0.0634865

0.641631	-0.0626874

0.641113	-0.0618878

0.640595	-0.0610877

0.640077	-0.0602872

0.639557	-0.0594862

0.639038	-0.0586847

0.638517	-0.0578828

0.637996	-0.0570804

0.637475	-0.0562775

0.636953	-0.0554742

0.63643	-0.0546704

0.635907	-0.0538661

0.635383	-0.0530614

0.634859	-0.0522562

0.634334	-0.0514505

0.633809	-0.0506443

0.633283	-0.0498377

0.632756	-0.0490307

0.632229	-0.0482231

0.631701	-0.0474151

0.631173	-0.0466066

0.630644	-0.0457976

0.630114	-0.0449882

0.629584	-0.0441783

0.629053	-0.043368

0.628522	-0.0425571

0.62799	-0.0417458

0.627458	-0.0409341

0.626925	-0.0401218

0.626392	-0.0393091

0.625858	-0.038496

0.625323	-0.0376823

0.624788	-0.0368682

0.624252	-0.0360536

0.623715	-0.0352386

0.623178	-0.0344231

0.622641	-0.0336071

0.622103	-0.0327906

0.621564	-0.0319737

0.621025	-0.0311563

0.620485	-0.0303385

0.619945	-0.0295202

0.619404	-0.0287014

0.618862	-0.0278821

0.61832	-0.0270624

0.617777	-0.0262422

0.617234	-0.0254215

0.61669	-0.0246004

0.616146	-0.0237788

0.615601	-0.0229567

0.615055	-0.0221342

0.614509	-0.0213112

0.613962	-0.0204877

0.613415	-0.0196638

0.612867	-0.0188394

0.612319	-0.0180145

0.61177	-0.0171891

0.61122	-0.0163633

0.61067	-0.015537

0.610119	-0.0147103

0.609568	-0.0138831

0.609016	-0.0130554

0.608464	-0.0122272

0.607911	-0.0113986

0.607357	-0.0105695

0.606803	-0.00973993

0.606248	-0.0089099

0.605693	-0.0080794

0.605137	-0.00724843

0.604581	-0.006417

0.604024	-0.00558509

0.603466	-0.00475272

0.602908	-0.00391988

0.602349	-0.00308657

0.60179	-0.0022528

0.60123	-0.00141855

0.600669	-0.000583838

0.600108	0.000251344

0.599547	0.00108699

0.598984	0.00192311

0.598422	0.0027597

0.597858	0.00359675

0.597294	0.00443428

0.59673	0.00527227

0.596165	0.00611073

0.595599	0.00694966

0.595033	0.00778905

0.594466	0.00862892

0.593899	0.00946925

0.593331	0.0103101

0.592763	0.0111513

0.592193	0.0119931

0.591624	0.0128353

0.591054	0.0136779

0.590483	0.0145211

0.589911	0.0153647

0.589339	0.0162088

0.588767	0.0170533

0.588194	0.0178983

0.58762	0.0187438

0.587046	0.0195898

0.586471	0.0204362

0.585896	0.0212831

0.58532	0.0221304

0.584743	0.0229783

0.584166	0.0238266

0.583589	0.0246753

0.58301	0.0255246

0.582431	0.0263743

0.581852	0.0272244

0.581272	0.0280751

0.580692	0.0289262

0.58011	0.0297777

0.579529	0.0306298

0.578946	0.0314823

0.578364	0.0323353

0.57778	0.0331887

0.577196	0.0340426

0.576612	0.034897

0.576027	0.0357519

0.575441	0.0366072

0.574855	0.037463

0.574268	0.0383192

0.57368	0.0391759

0.573092	0.0400331

0.572504	0.0408908

0.571915	0.0417489

0.571325	0.0426075

0.570735	0.0434666

0.570144	0.0443261

0.569552	0.0451861

0.56896	0.0460466

0.568368	0.0469075

0.567774	0.0477689

0.567181	0.0486308

0.566586	0.0494932

0.565991	0.050356

0.565396	0.0512193

0.5648	0.052083

0.564203	0.0529472

0.563606	0.0538119

0.563008	0.0546771

0.56241	0.0555427

0.561811	0.0564088

0.561212	0.0572753

0.560612	0.0581424

0.560011	0.0590099

0.55941	0.0598778

0.558808	0.0607462

0.558206	0.0616151

0.557603	0.0624845

0.556999	0.0633544

0.556395	0.0642247

0.555791	0.0650954

0.555186	0.0659667

0.55458	0.0668384

0.553973	0.0677106

0.553366	0.0685832

0.552759	0.0694563

0.552151	0.0703299

0.551542	0.071204

0.550933	0.0720785

0.550323	0.0729535

0.549713	0.0738289

0.549102	0.0747048

0.54849	0.0755812

0.547878	0.0764581

0.547266	0.0773354

0.546652	0.0782132

0.546039	0.0790915

0.545424	0.0799702

0.544809	0.0808494

0.544194	0.0817291

0.543578	0.0826092

0.542961	0.0834899

0.542344	0.0843709

0.541726	0.0852525

0.541108	0.0861345

0.540489	0.087017

0.539869	0.0878999

0.539249	0.0887833

0.538628	0.0896672

0.538007	0.0905516

0.537385	0.0914364

0.536763	0.0923217

0.53614	0.0932074

0.535516	0.0940937

0.534892	0.0949804

0.534267	0.0958675

0.533642	0.0967552

0.533016	0.0976433

0.53239	0.0985318

0.531763	0.0994209

0.531135	0.10031

0.530507	0.1012

0.529878	0.102091

0.529249	0.102982

0.528619	0.103873

0.527989	0.104765

0.527358	0.105657

0.526726	0.10655

0.526094	0.107443

0.525461	0.108337

0.524828	0.109231

0.524194	0.110126

0.52356	0.111021

0.522925	0.111917

0.522289	0.112813

0.521653	0.113709

0.521016	0.114606

0.520379	0.115504

0.519741	0.116402

0.519102	0.1173

0.518463	0.118199

0.517824	0.119098

0.517183	0.119998

0.516543	0.120898

0.515901	0.121799

0.515259	0.1227

0.514617	0.123602

0.513974	0.124504

0.51333	0.125407

0.512686	0.12631

0.512041	0.127213

0.511396	0.128117

0.51075	0.129022

0.510104	0.129927

0.509456	0.130832

0.508809	0.131738

0.508161	0.132644

0.507512	0.133551

0.506862	0.134459

0.506212	0.135366

0.505562	0.136275

0.504911	0.137183

0.504259	0.138093

0.503607	0.139002

0.502954	0.139912

0.502301	0.140823

0.501647	0.141734

0.500992	0.142645

0.500337	0.143557

0.499682	0.14447

0.499025	0.145383

0.498368	0.146296

0.497711	0.14721

0.497053	0.148124

0.496395	0.149039

0.495735	0.149954

0.495076	0.15087

0.494416	0.151786

0.493755	0.152703

0.493093	0.15362

0.492431	0.154538

0.491769	0.155456

0.491106	0.156374

0.490442	0.157293

0.489778	0.158213

0.489113	0.159133

0.488447	0.160053

0.487781	0.160974

0.487115	0.161895

0.486448	0.162817

0.48578	0.16374

0.485112	0.164662

0.484443	0.165586

0.483773	0.166509

0.483103	0.167433

0.482433	0.168358

0.481762	0.169283

0.48109	0.170209

0.480418	0.171135

0.479745	0.172061

0.479071	0.172988

0.478397	0.173916

0.477723	0.174844

0.477047	0.175772

0.476372	0.176701

0.475695	0.17763

0.475018	0.17856

0.474341	0.17949

0.473663	0.180421

0.472984	0.181352

0.472305	0.182284

0.471625	0.183216

0.470945	0.184148

0.470264	0.185081

0.469583	0.186015

0.468901	0.186949

0.468218	0.187883

0.467535	0.188818

0.466851	0.189754

0.466167	0.19069

0.465482	0.191626

0.464796	0.192563

0.46411	0.1935

0.463423	0.194438

0.462736	0.195376

0.462048	0.196315

0.46136	0.197254

0.460671	0.198193

0.459982	0.199133

0.459292	0.200074

0.458601	0.201015

0.45791	0.201957

0.45791	0.201957

0.457581	0.202403

0.457252	0.202849

0.456923	0.203293

0.456594	0.203736

0.456264	0.204178

0.455934	0.204618

0.455604	0.205057

0.455274	0.205496

0.454943	0.205932

0.454612	0.206368

0.454281	0.206802

0.45395	0.207235

0.453619	0.207667

0.453287	0.208097

0.452955	0.208527

0.452622	0.208955

0.45229	0.209382

0.451957	0.209807

0.451624	0.210231

0.451291	0.210655

0.450957	0.211076

0.450624	0.211497

0.45029	0.211916

0.449955	0.212334

0.449621	0.212751

0.449286	0.213167

0.448951	0.213581

0.448616	0.213994

0.448281	0.214406

0.447945	0.214817

0.447609	0.215226

0.447273	0.215634

0.446936	0.216041

0.4466	0.216447

0.446263	0.216851

0.445925	0.217254

0.445588	0.217656

0.44525	0.218057

0.444912	0.218456

0.444574	0.218855

0.444236	0.219252

0.443897	0.219647

0.443558	0.220042

0.443219	0.220435

0.44288	0.220827

0.44254	0.221218

0.4422	0.221607

0.44186	0.221995

0.44152	0.222382

0.441179	0.222768

0.440838	0.223152

0.440497	0.223536

0.440156	0.223918

0.439815	0.224298

0.439473	0.224678

0.439131	0.225056

0.438788	0.225433

0.438446	0.225809

0.438103	0.226184

0.43776	0.226557

0.437417	0.226929

0.437073	0.2273

0.436729	0.227669

0.436385	0.228038

0.436041	0.228405

0.435697	0.22877

0.435352	0.229135

0.435007	0.229498

0.434662	0.22986

0.434316	0.230221

0.43397	0.230581

0.433624	0.230939

0.433278	0.231296

0.432932	0.231652

0.432585	0.232007

0.432238	0.23236

0.431891	0.232712

0.431543	0.233063

0.431196	0.233413

0.430848	0.233761

0.4305	0.234108

0.430151	0.234454

0.429803	0.234799

0.429454	0.235142

0.429104	0.235484

0.428755	0.235825

0.428405	0.236165

0.428056	0.236503

0.427705	0.236841

0.427355	0.237176

0.427004	0.237511

0.426654	0.237845

0.426302	0.238177

0.425951	0.238508

0.425599	0.238838

0.425248	0.239166

0.424896	0.239493

0.424543	0.239819

0.424191	0.240144

0.423838	0.240467

0.423485	0.24079

0.423131	0.241111

0.422778	0.24143

0.422424	0.241749

0.42207	0.242066

0.421716	0.242382

0.421361	0.242697

0.421006	0.243011

0.420651	0.243323

0.420296	0.243634

0.419941	0.243944

0.419585	0.244252

0.419229	0.24456

0.418873	0.244866

0.418516	0.24517

0.418159	0.245474

0.417802	0.245776

0.417445	0.246077

0.417088	0.246377

0.41673	0.246676

0.416372	0.246973

0.416014	0.247269

0.415655	0.247564

0.415297	0.247858

0.414938	0.24815

0.414579	0.248441

0.414219	0.248731

0.41386	0.24902

0.4135	0.249307

0.41314	0.249593

0.412779	0.249878

0.412418	0.250162

0.412058	0.250444

0.411696	0.250725

0.411335	0.251005

0.410973	0.251284

0.410612	0.251561

0.410249	0.251838

0.409887	0.252113

0.409525	0.252386

0.409162	0.252659

0.408799	0.25293

0.408435	0.2532

0.408072	0.253469

0.407708	0.253736

0.407344	0.254002

0.406979	0.254267

0.406615	0.254531

0.40625	0.254794

0.405885	0.255055

0.40552	0.255315

0.405154	0.255574

0.404788	0.255831

0.404422	0.256087

0.404056	0.256342

0.40369	0.256596

0.403323	0.256849

0.402956	0.2571

0.402589	0.25735

0.402221	0.257599

0.401853	0.257846

0.401485	0.258093

0.401117	0.258338

0.400749	0.258582

0.40038	0.258824

0.400011	0.259066

0.399642	0.259306

0.399272	0.259544

0.398903	0.259782

0.398533	0.260018

0.398163	0.260254

0.397792	0.260487

0.397422	0.26072

0.397051	0.260951

0.396679	0.261182

0.396308	0.26141

0.395936	0.261638

0.395565	0.261864

0.395192	0.26209

0.39482	0.262313

0.394447	0.262536

0.394075	0.262758

0.393701	0.262978

0.393328	0.263197

0.392954	0.263414

0.392581	0.263631

0.392207	0.263846

0.391832	0.26406

0.391458	0.264273

0.391083	0.264484

0.390708	0.264694

0.390332	0.264903

0.389957	0.265111

0.389581	0.265317

0.389205	0.265523

0.388829	0.265727

0.388452	0.265929

0.388075	0.266131

0.387698	0.266331

0.387321	0.26653

0.386944	0.266728

0.386566	0.266924

0.386188	0.26712

0.38581	0.267314

0.385431	0.267507

0.385052	0.267698

0.384673	0.267888

0.384294	0.268077

0.383915	0.268265

0.383535	0.268452

0.383155	0.268637

0.382775	0.268821

0.382394	0.269004

0.382014	0.269186

0.381633	0.269366

0.381252	0.269545

0.38087	0.269723

0.380488	0.2699

0.380107	0.270075

0.379724	0.270249

0.379342	0.270422

0.378959	0.270593

0.378576	0.270764

0.378193	0.270933

0.37781	0.271101

0.377426	0.271268

0.377042	0.271433

0.376658	0.271597

0.376274	0.27176

0.375889	0.271922

0.375505	0.272082

0.375119	0.272241

0.374734	0.272399

0.374349	0.272556

0.373963	0.272711

0.373577	0.272866

0.37319	0.273018

0.372804	0.27317

0.372417	0.273321

0.37203	0.27347

0.371643	0.273618

0.371255	0.273765

0.370867	0.27391

0.370479	0.274054

0.370091	0.274197

0.369702	0.274339

0.369314	0.27448

0.368925	0.274619

0.368535	0.274757

0.368146	0.274894

0.367756	0.275029

0.367366	0.275163

0.366976	0.275296

0.366586	0.275428

0.366195	0.275559

0.365804	0.275688

0.365413	0.275816

0.365021	0.275943

0.36463	0.276068

0.364238	0.276193

0.363845	0.276316

0.363453	0.276438

0.36306	0.276558

0.362667	0.276678

0.362274	0.276796

0.361881	0.276913

0.361487	0.277028

0.361093	0.277143

0.360699	0.277256

0.360305	0.277368

0.35991	0.277478

0.359515	0.277588

0.35912	0.277696

0.358725	0.277803

0.358329	0.277908

0.357933	0.278013

0.357537	0.278116

0.357141	0.278218

0.356744	0.278318

0.356347	0.278418

0.35595	0.278516

0.355553	0.278613

0.355156	0.278709

0.354758	0.278803

0.35436	0.278896

0.353961	0.278988

0.353563	0.279079

0.353164	0.279168

0.352765	0.279257

0.352366	0.279344

0.351966	0.279429

0.351566	0.279514

0.351166	0.279597

0.350766	0.279679

0.350366	0.27976

0.349965	0.279839

0.349564	0.279918

0.349163	0.279995

0.348761	0.28007

0.34836	0.280145

0.347958	0.280218

0.347555	0.28029

0.347153	0.280361

0.34675	0.280431

0.346347	0.280499

0.345944	0.280566

0.345541	0.280632

0.345137	0.280696

0.344733	0.28076

0.344329	0.280822

0.343925	0.280883

0.34352	0.280942

0.343115	0.281001

0.34271	0.281058

0.342304	0.281113

0.341899	0.281168

0.341493	0.281221

0.341087	0.281274

0.34068	0.281324

0.340274	0.281374

0.339867	0.281422

0.33946	0.28147

0.339053	0.281516

0.338645	0.28156

0.338237	0.281604

0.337829	0.281646

0.337421	0.281687

0.337012	0.281726

0.336603	0.281765

0.336194	0.281802

0.335785	0.281838

0.335376	0.281873

0.334966	0.281906

0.334556	0.281938

0.334145	0.281969

0.333735	0.281999

0.333324	0.282027

0.332913	0.282055

0.332502	0.282081

0.33209	0.282105

0.331679	0.282129

0.331267	0.282151

0.330854	0.282172

0.330442	0.282192

0.330029	0.28221

0.329616	0.282228

0.329203	0.282244

0.32879	0.282258

0.328376	0.282272

0.327962	0.282284

0.327548	0.282295

0.327133	0.282305

0.326719	0.282314

0.326304	0.282321

0.325889	0.282327

0.325473	0.282332

0.325058	0.282335

0.324642	0.282338

0.324226	0.282339

0.323809	0.282339

0.323393	0.282337

0.322976	0.282335

0.322559	0.282331

0.322141	0.282326

0.321724	0.282319

0.321306	0.282312

0.320888	0.282303

0.320469	0.282293

0.320051	0.282281

0.319632	0.282269

0.319213	0.282255

0.318793	0.28224

0.318374	0.282223

0.317954	0.282206

0.317534	0.282187

0.317114	0.282167

0.316693	0.282145

0.316272	0.282123

0.315851	0.282099

0.31543	0.282074

0.315009	0.282048

0.314587	0.28202

0.314165	0.281991

0.313743	0.281961

0.31332	0.28193

0.312897	0.281898

0.312474	0.281864

0.312051	0.281829

0.311628	0.281793

0.311204	0.281755

0.31078	0.281716

0.310356	0.281676

0.309931	0.281635

0.309507	0.281593

0.309082	0.281549

0.308656	0.281504

0.308231	0.281458

0.307805	0.28141

0.307379	0.281361

0.306953	0.281312

0.306527	0.28126

0.3061	0.281208

0.305673	0.281154

0.305246	0.281099

0.304819	0.281043

0.304391	0.280986

0.303963	0.280927

0.303535	0.280867

0.303107	0.280806

0.302678	0.280744

0.302249	0.28068

0.30182	0.280615

0.301391	0.280549

0.300961	0.280482

0.300531	0.280413

0.300101	0.280343

0.299671	0.280272

0.29924	0.2802

0.29881	0.280126

0.298379	0.280051

0.297947	0.279975

0.297516	0.279898

0.297084	0.279819

0.296652	0.279739

0.29622	0.279658

0.295787	0.279576

0.295354	0.279492

0.294921	0.279408

0.294488	0.279321

0.294055	0.279234

0.293621	0.279146

0.293187	0.279056

0.292753	0.278965

0.292318	0.278873

0.291883	0.278779

0.291448	0.278684

0.291013	0.278588

0.290578	0.278491

0.290142	0.278392

0.289706	0.278293

0.28927	0.278192

0.288833	0.27809

0.288397	0.277986

0.28796	0.277881

0.287523	0.277775

0.287085	0.277668

0.286648	0.27756

0.28621	0.27745

0.285772	0.277339

0.285333	0.277227

0.284895	0.277113

0.284456	0.276999

0.284017	0.276883

0.283577	0.276766

0.283138	0.276647

0.282698	0.276528

0.282258	0.276407

0.281817	0.276284

0.281377	0.276161

0.280936	0.276036

0.280495	0.275911

0.280053	0.275783

0.279612	0.275655

0.27917	0.275525

0.278728	0.275395

0.278286	0.275262

0.277843	0.275129

0.2774	0.274995

0.276957	0.274859

0.276514	0.274722

0.276071	0.274583

0.275627	0.274444

0.275183	0.274303

0.274738	0.274161

0.274294	0.274017

0.273849	0.273873

0.273404	0.273727

0.272959	0.27358

0.272514	0.273432

0.272068	0.273282

0.271622	0.273131

0.271176	0.272979

0.270729	0.272826

0.270282	0.272672

0.269836	0.272516

0.269388	0.272359

0.268941	0.272201

0.268493	0.272041

0.268045	0.27188

0.267597	0.271718

0.267149	0.271555

0.2667	0.271391

0.266251	0.271225

0.265802	0.271058

0.265353	0.27089

0.264903	0.27072

0.264453	0.27055

0.264003	0.270378

0.263553	0.270205

0.263102	0.27003

0.262651	0.269854

0.2622	0.269677

0.261749	0.269499

0.261297	0.26932

0.260845	0.269139

0.260393	0.268957

0.259941	0.268774

0.259488	0.26859

0.259035	0.268404

0.258582	0.268217

0.258129	0.268029

0.257676	0.26784

0.257222	0.267649

0.256768	0.267457

0.256313	0.267264

0.255859	0.26707

0.255404	0.266874

0.254949	0.266677

0.254494	0.266479

0.254038	0.26628

0.253583	0.266079

0.253127	0.265878

0.25267	0.265675

0.252214	0.26547

0.251757	0.265265

0.2513	0.265058

0.250843	0.26485

0.250386	0.264641

0.249928	0.26443

0.24947	0.264218

0.249012	0.264005

0.248553	0.263791

0.248095	0.263575

0.247636	0.263359

0.247176	0.263141

0.246717	0.262921

0.246257	0.262701

0.245797	0.262479

0.245337	0.262256

0.244877	0.262032

0.244416	0.261807

0.243955	0.26158

0.243494	0.261352

0.243033	0.261123

0.242571	0.260892

0.242109	0.260661

0.241647	0.260428

0.241185	0.260193

0.240722	0.259958

0.24026	0.259721

0.239796	0.259483

0.239333	0.259244

0.23887	0.259004

0.238406	0.258762

0.237942	0.258519

0.237477	0.258275

0.237013	0.25803

0.236548	0.257783

0.236083	0.257535

0.235618	0.257286

0.235152	0.257036

0.234686	0.256784

0.23422	0.256531

0.233754	0.256277

0.233288	0.256022

0.232821	0.255765

0.232354	0.255507

0.231887	0.255248

0.231419	0.254988

0.230951	0.254726

0.230483	0.254464

0.230015	0.2542

0.229547	0.253934

0.229078	0.253668

0.228609	0.2534

0.22814	0.253131

0.227671	0.252861

0.227201	0.252589

0.226731	0.252316

0.226261	0.252042

0.22579	0.251767

0.22532	0.251491

0.224849	0.251213

0.224378	0.250934

0.223906	0.250654

0.223435	0.250372

0.222963	0.250089

0.222491	0.249805

0.222018	0.24952

0.221546	0.249234

0.221073	0.248946

0.2206	0.248657

0.220126	0.248367

0.219653	0.248075

0.219179	0.247783

0.218705	0.247489

0.21823	0.247194

0.217756	0.246897

0.217281	0.246599

0.216806	0.246301

0.216331	0.246

0.215855	0.245699

0.215379	0.245396

0.214903	0.245092

0.214427	0.244787

0.21395	0.244481

0.213474	0.244173

0.212997	0.243864

0.212519	0.243554

0.212042	0.243243

0.211564	0.24293

0.211086	0.242617

0.210608	0.242301

0.210129	0.241985

0.209651	0.241667

0.209172	0.241349

0.208692	0.241029

0.208213	0.240707

0.207733	0.240385

0.207253	0.240061

0.206773	0.239736

0.206293	0.23941

0.205812	0.239082

0.205331	0.238753

0.20485	0.238423

0.204368	0.238092

0.203887	0.237759

0.203405	0.237426

0.202923	0.237091

0.20244	0.236754

0.201958	0.236417

0.201475	0.236078

0.200992	0.235738

0.200508	0.235397

0.200025	0.235054

0.199541	0.234711

0.199057	0.234366

0.198572	0.234019

0.198088	0.233672

0.197603	0.233323

0.197118	0.232973

0.196633	0.232622

0.196147	0.23227

0.195661	0.231916

0.195175	0.231561

0.194689	0.231205

0.194202	0.230847

0.193715	0.230489

0.193228	0.230129

0.192741	0.229768

0.192254	0.229405

0.191766	0.229042

0.191278	0.228677

0.190789	0.228311

0.190301	0.227943

0.189812	0.227575

0.189323	0.227205

0.188834	0.226834

0.188344	0.226461

0.187855	0.226088

0.187365	0.225713

0.186875	0.225337

0.186384	0.224959

0.185893	0.224581

0.185402	0.224201

0.184911	0.22382

0.18442	0.223438

0.183928	0.223054

0.183436	0.222669

0.182944	0.222283

0.182452	0.221896

0.181959	0.221507

0.181466	0.221118

0.180973	0.220727

0.180479	0.220334

0.179986	0.219941

0.179492	0.219546

0.178998	0.21915

0.178503	0.218753

0.178009	0.218354

0.177514	0.217955

0.177019	0.217554

0.176523	0.217151

0.176028	0.216748

0.175532	0.216343

0.175036	0.215937

0.17454	0.21553

0.174043	0.215122

0.173546	0.214712

0.173049	0.214301

0.172552	0.213889

0.172054	0.213475

0.171556	0.213061

0.171058	0.212645

0.17056	0.212227

0.170062	0.211809

0.169563	0.211389

0.169064	0.210968

0.168565	0.210546

0.168065	0.210123

0.167565	0.209698

0.167065	0.209272

0.166565	0.208845

0.166065	0.208417

0.165564	0.207987

0.165063	0.207556

0.164562	0.207124

0.16406	0.206691

0.163558	0.206256

0.163056	0.205821

0.162554	0.205383

0.162052	0.204945

0.161549	0.204506

0.161046	0.204065

0.160543	0.203623

0.16004	0.203179

0.159536	0.202735

0.159032	0.202289

0.158528	0.201842

0.158023	0.201394

0.157519	0.200944

0.157014	0.200493

0.156509	0.200041

0.156003	0.199588

0.155498	0.199134

0.154992	0.198678

0.154486	0.198221

0.153979	0.197763

0.153473	0.197303

0.152966	0.196842

0.152459	0.19638

0.151952	0.195917

0.151444	0.195453

0.150936	0.194987

0.150428	0.19452

0.14992	0.194052

0.149411	0.193582

0.148902	0.193112

0.148393	0.19264

0.147884	0.192166

0.147375	0.191692

0.146865	0.191216

0.146355	0.190739

0.145845	0.190261

0.145334	0.189782

0.144823	0.189301

0.144312	0.188819

0.143801	0.188336

0.143289	0.187852

0.142778	0.187366

0.142266	0.186879

0.141754	0.186391

0.141241	0.185902

0.140728	0.185411

0.140215	0.184919

0.139702	0.184426

0.139189	0.183932

0.138675	0.183436

0.138161	0.182939

0.137647	0.182441

0.137133	0.181942

0.136618	0.181441

0.136103	0.18094

0.135588	0.180437

0.135072	0.179932

0.134557	0.179427

0.134041	0.17892

0.133525	0.178412

0.133008	0.177903

0.132492	0.177392

0.131975	0.17688

0.131458	0.176367

0.13094	0.175853

0.130423	0.175337

0.129905	0.174821

0.129387	0.174303

0.128868	0.173783

0.12835	0.173263

0.127831	0.172741

0.127312	0.172218

0.126793	0.171694

0.126273	0.171169

0.125753	0.170642

0.125233	0.170114

0.124713	0.169585

0.124192	0.169054

0.123672	0.168523

0.123151	0.16799

0.122629	0.167455

0.122108	0.16692

0.121586	0.166383

0.121064	0.165845

0.120542	0.165306

0.120019	0.164766

0.119497	0.164224

0.118974	0.163681

0.11845	0.163137

0.117927	0.162592

0.117403	0.162045

0.116879	0.161497

0.116355	0.160948

0.115831	0.160398

0.115306	0.159846

0.114781	0.159293

0.114256	0.158739

0.11373	0.158184

0.113205	0.157627

0.112679	0.157069

0.112153	0.15651

0.111626	0.15595

0.1111	0.155388

0.110573	0.154826

0.110046	0.154262

0.109518	0.153696

0.108991	0.15313

0.108463	0.152562

0.107935	0.151993

0.107406	0.151423

0.106878	0.150851

0.106349	0.150278

0.10582	0.149704

0.10529	0.149129

0.104761	0.148553

0.104231	0.147975

0.103701	0.147396

0.103171	0.146816

0.10264	0.146234

0.102109	0.145651

0.101578	0.145067

0.101047	0.144482

0.100515	0.143896

0.0999835	0.143308

0.0994515	0.142719

0.0989192	0.142129

0.0983867	0.141537

0.0978539	0.140945

0.0973209	0.140351

0.0967877	0.139756

0.0962542	0.139159

0.0957204	0.138562

0.0951864	0.137963

0.0946522	0.137362

0.0941177	0.136761

0.093583	0.136158

0.0930481	0.135555

0.0925129	0.134949

0.0919774	0.134343

0.0914417	0.133735

0.0909058	0.133126

0.0903696	0.132516

0.0898332	0.131905

0.0892965	0.131292

0.0887596	0.130679

0.0882224	0.130063

0.087685	0.129447

0.0871474	0.12883

0.0866095	0.128211

0.0860713	0.127591

0.0855329	0.126969

0.0849943	0.126347

0.0844554	0.125723

0.0839163	0.125098

0.083377	0.124472

0.0828374	0.123844

0.0822975	0.123215

0.0817574	0.122585

0.0812171	0.121954

0.0806765	0.121321

0.0801357	0.120688

0.0795946	0.120053

0.0790533	0.119416

0.0785117	0.118779

0.0779699	0.11814

0.0774278	0.1175

0.0768855	0.116859

0.076343	0.116216

0.0758002	0.115573

0.0752572	0.114928

0.0747139	0.114282

0.0741704	0.113634

0.0736266	0.112985

0.0730826	0.112335

0.0725384	0.111684

0.0719939	0.111032

0.0714491	0.110378

0.0709042	0.109723

0.0703589	0.109067

0.0698135	0.10841

0.0692677	0.107751

0.0687218	0.107091

0.0681756	0.10643

0.0676291	0.105767

0.0670824	0.105104

0.0665355	0.104439

0.0659883	0.103773

0.0654409	0.103105

0.0648932	0.102437

0.0643453	0.101767

0.0637971	0.101096

0.0632487	0.100423

0.0627	0.0997499

0.0621511	0.099075

0.061602	0.098399

0.0610526	0.0977216

0.060503	0.097043

0.0599531	0.0963632

0.059403	0.0956821

0.0588526	0.0949998

0.058302	0.0943163

0.0577512	0.0936315

0.0572001	0.0929454

0.0566487	0.0922581

0.0560971	0.0915696

0.0555453	0.0908798

0.0549932	0.0901888

0.0544409	0.0894965

0.0538884	0.088803

0.0533355	0.0881082

0.0527825	0.0874122

0.0522292	0.086715

0.0516757	0.0860165

0.0511219	0.0853167

0.0505678	0.0846157

0.0500136	0.0839135

0.049459	0.08321

0.0489043	0.0825053

0.0483493	0.0817993

0.047794	0.0810921

0.0472385	0.0803837

0.0466828	0.079674

0.0461268	0.078963

0.0455706	0.0782508

0.0450141	0.0775374

0.0444574	0.0768227

0.0439004	0.0761068

0.0433432	0.0753896

0.0427857	0.0746712

0.042228	0.0739516

0.0416701	0.0732307

0.0411119	0.0725085

0.0405535	0.0717851

0.0399948	0.0710605

0.0394359	0.0703346

0.0388767	0.0696075

0.0383173	0.0688791

0.0377576	0.0681495

0.0371977	0.0674186

0.0366376	0.0666865

0.0360772	0.0659532

0.0355166	0.0652186

0.0349557	0.0644827

0.0343946	0.0637456

0.0338332	0.0630073

0.0332716	0.0622677

0.0327098	0.0615269

0.0321477	0.0607849

0.0315853	0.0600415

0.0310227	0.059297

0.0304599	0.0585512

0.0298968	0.0578041

0.0293335	0.0570559

0.0287699	0.0563063

0.0282061	0.0555555

0.0276421	0.0548035

0.0270778	0.0540503

0.0265132	0.0532957

0.0259484	0.05254

0.0253834	0.051783

0.0248181	0.0510247

0.0242526	0.0502652

0.0236868	0.0495045

0.0231208	0.0487425

0.0225546	0.0479793

0.0219881	0.0472148

0.0214213	0.0464491

0.0208543	0.0456821

0.0202871	0.0449139

0.0197196	0.0441445

0.0191519	0.0433738

0.0185839	0.0426019

0.0180157	0.0418287

0.0174473	0.0410542

0.0168786	0.0402786

0.0163096	0.0395016

0.0157404	0.0387235

0.015171	0.0379441

0.0146013	0.0371634

0.0140314	0.0363815

0.0134612	0.0355984

0.0128908	0.034814

0.0123202	0.0340284

0.0117493	0.0332415

0.0111781	0.0324533

0.0106067	0.031664

0.0100351	0.0308734

0.00946323	0.0300815

0.0088911	0.0292884

0.00831874	0.0284941

0.00774612	0.0276985

0.00717327	0.0269016

0.00717327	0.0269016

0.00693151	0.0265652

0.00669304	0.0262297

0.00645786	0.0258952

0.00622598	0.0255617

0.00599741	0.0252293

0.00577216	0.0248978

0.00555022	0.0245675

0.00533162	0.0242381

0.00511636	0.0239099

0.00490444	0.0235827

0.00469587	0.0232566

0.00449066	0.0229316

0.00428882	0.0226077

0.00409035	0.0222849

0.00389526	0.0219632

0.00370356	0.0216427

0.00351525	0.0213234

0.00333034	0.0210052

0.00314884	0.0206882

0.00297075	0.0203723

0.00279607	0.0200577

0.00262482	0.0197443

0.002457	0.0194321

0.00229262	0.0191211

0.00213167	0.0188113

0.00197417	0.0185028

0.00182012	0.0181956

0.00166953	0.0178896

0.0015224	0.0175849

0.00137874	0.0172815

0.00123855	0.0169794

0.00110183	0.0166786

0.000968596	0.0163792

0.000838847	0.016081

0.000712587	0.0157842

0.000589822	0.0154888

0.000470555	0.0151947

0.00035479	0.0149019

0.000242531	0.0146106

0.000133782	0.0143206

2.85472e-05	0.0140321

-7.31708e-05	0.013745

-0.000171368	0.0134592

-0.000266042	0.0131749

-0.000357188	0.0128921

-0.000444805	0.0126107

-0.000528888	0.0123307

-0.000609435	0.0120522

-0.000686443	0.0117752

-0.00075991	0.0114997

-0.000829833	0.0112257

-0.00089621	0.0109532

-0.000959039	0.0106822

-0.00101832	0.0104127

-0.00107404	0.0101447

-0.00112621	0.00987831

-0.00117483	0.00961345

-0.00121989	0.00935015

-0.00126138	0.00908841

-0.00129932	0.00882825

-0.00133369	0.00856968

-0.00136451	0.0083127

-0.00139175	0.00805733

-0.00141544	0.00780356

-0.00143555	0.00755142

-0.0014521	0.0073009

-0.00146508	0.00705202

-0.0014745	0.00680479

-0.00148035	0.00655921

-0.00148262	0.0063153

-0.00148134	0.00607305

-0.00147648	0.00583248

-0.00146805	0.0055936

-0.00145606	0.00535642

-0.0014405	0.00512093

-0.00142137	0.00488716

-0.00139868	0.00465511

-0.00137242	0.00442478

-0.00134259	0.00419619

-0.00130921	0.00396934

-0.00127226	0.00374424

-0.00123174	0.00352089

-0.00118767	0.00329931

-0.00114005	0.00307951

-0.00108886	0.00286148

-0.00103412	0.00264524

-0.000975826	0.0024308

-0.000913981	0.00221815

-0.000848587	0.00200732

-0.000779647	0.0017983

-0.000707162	0.0015911

-0.000631135	0.00138574

-0.000551568	0.00118221

-0.000468465	0.000980527

-0.000381828	0.000780693

-0.00029166	0.000582717

-0.000197964	0.000386605

-0.000100743	0.000192364

0	0

0.000216603	-0.000386886

0.00044784	-0.000765865

0.000693679	-0.00113688

0.000954085	-0.00149989

0.00122902	-0.00185483

0.00151845	-0.00220166

0.00182233	-0.00254032

0.00214062	-0.00287078

0.00247327	-0.00319298

0.00282023	-0.00350687

0.00318147	-0.00381242

0.00355692	-0.00410958

0.00394653	-0.0043983

0.00435026	-0.00467856

0.00476803	-0.0049503

0.0051998	-0.00521349

0.0056455	-0.0054681

0.00610507	-0.00571408

0.00657845	-0.0059514

0.00706556	-0.00618004

0.00756634	-0.00639995

0.00808072	-0.0066111

0.00860863	-0.00681347

0.00914999	-0.00700703

0.00970473	-0.00719175

0.0102728	-0.0073676

0.010854	-0.00753457

0.0114484	-0.00769262

0.0120558	-0.00784173

0.0126762	-0.00798188

0.0133095	-0.00811306

0.0139556	-0.00823524

0.0146144	-0.00834841

0.0152857	-0.00845255

0.0159696	-0.00854764

0.0166659	-0.00863368

0.0173746	-0.00871065

0.0180954	-0.00877854

0.0188283	-0.00883735

0.0195733	-0.00888705

0.0203302	-0.00892765

0.0210989	-0.00895913

0.0218792	-0.00898151

0.0226712	-0.00899476

0.0234746	-0.0089989

0.0242894	-0.00899391

0.0251154	-0.00897981

0.0259525	-0.00895658

0.0268007	-0.00892425

0.0276597	-0.0088828

0.0285295	-0.00883225

0.02941	-0.0087726

0.030301	-0.00870386

0.0312023	-0.00862605

0.032114	-0.00853916

0.0330358	-0.00844322

0.0339675	-0.00833824

0.0349092	-0.00822423

0.0358606	-0.00810121

0.0368217	-0.00796919

0.0377922	-0.0078282

0.038772	-0.00767826

0.0397611	-0.00751938

0.0407592	-0.00735159

0.0417662	-0.0071749

0.042782	-0.00698936

0.0438065	-0.00679498

0.0448394	-0.00659179

0.0458807	-0.00637981

0.0469302	-0.00615909

0.0479878	-0.00592964

0.0490532	-0.00569151

0.0501264	-0.00544472

0.0512072	-0.00518932

0.0522955	-0.00492533

0.0533911	-0.00465279

0.0544938	-0.00437174

0.0556034	-0.00408223

0.05672	-0.00378429

0.0578432	-0.00347796

0.0589729	-0.00316329

0.0601089	-0.00284032

0.0612512	-0.0025091

0.0623995	-0.00216967

0.0635536	-0.00182208

0.0647135	-0.00146639

0.0658789	-0.00110263

0.0670498	-0.000730868

0.0682258	-0.00035115

0.0694069	3.64708e-05

0.0705928	0.000431939

0.0717835	0.000835199

0.0729787	0.00124619

0.0741784	0.00166487

0.0753822	0.00209116

0.0765901	0.002525

0.0778018	0.00296635

0.0790173	0.00341513

0.0802363	0.00387128

0.0802363	0.00387128

0.080431	0.00394411

0.0806256	0.00401686

0.0808201	0.00408954

0.0810145	0.00416215

0.0812089	0.00423469

0.0814032	0.00430715

0.0815974	0.00437954

0.0817915	0.00445186

0.0819856	0.0045241

0.0821796	0.00459627

0.0823735	0.00466837

0.0825673	0.0047404

0.0827611	0.00481235

0.0829547	0.00488423

0.0831483	0.00495604

0.0833419	0.00502777

0.0835353	0.00509943

0.0837287	0.00517102

0.083922	0.00524254

0.0841152	0.00531398

0.0843083	0.00538535

0.0845014	0.00545665

0.0846944	0.00552787

0.0848873	0.00559902

0.0850801	0.0056701

0.0852728	0.0057411

0.0854655	0.00581204

0.0856581	0.0058829

0.0858506	0.00595368

0.0860431	0.0060244

0.0862354	0.00609504

0.0864277	0.00616561

0.0866199	0.0062361

0.0868121	0.00630653

0.0870041	0.00637687

0.0871961	0.00644715

0.087388	0.00651736

0.0875799	0.00658749

0.0877716	0.00665755

0.0879633	0.00672753

0.0881549	0.00679744

0.0883464	0.00686728

0.0885378	0.00693705

0.0887292	0.00700674

0.0889205	0.00707636

0.0891117	0.00714591

0.0893028	0.00721539

0.0894939	0.00728479

0.0896849	0.00735412

0.0898758	0.00742338

0.0900666	0.00749256

0.0902573	0.00756167

0.090448	0.00763071

0.0906386	0.00769968

0.0908291	0.00776857

0.0910196	0.00783739

0.0912099	0.00790613

0.0914002	0.00797481

0.0915904	0.00804341

0.0917806	0.00811194

0.0919706	0.00818039

0.0921606	0.00824877

0.0923505	0.00831708

0.0925403	0.00838532

0.0927301	0.00845348

0.0929197	0.00852158

0.0931093	0.00858959

0.0932988	0.00865754

0.0934883	0.00872541

0.0936776	0.00879321

0.0938669	0.00886094

0.0940561	0.00892859

0.0942453	0.00899617

0.0944343	0.00906368

0.0946233	0.00913112

0.0948122	0.00919848

0.095001	0.00926577

0.0951898	0.00933298

0.0953784	0.00940013

0.095567	0.0094672

0.0957555	0.0095342

0.095944	0.00960112

0.0961323	0.00966797

0.0963206	0.00973475

0.0965088	0.00980146

0.096697	0.00986809

0.096885	0.00993465

0.097073	0.0100011

0.0972609	0.0100676

0.0974487	0.0101339

0.0976364	0.0102002

0.0978241	0.0102664

0.0980117	0.0103325

0.0981992	0.0103985

0.0983867	0.0104645

0.098574	0.0105304

0.0987613	0.0105963

0.0989485	0.010662

0.0991356	0.0107277

0.0993227	0.0107933

0.0995097	0.0108589

0.0996965	0.0109243

0.0998834	0.0109897

0.10007	0.011055

0.100257	0.0111203

0.100443	0.0111855

0.10063	0.0112506

0.100816	0.0113156

0.101003	0.0113806

0.101189	0.0114454

0.101375	0.0115103

0.101561	0.011575

0.101747	0.0116397

0.101933	0.0117043

0.102119	0.0117688

0.102305	0.0118332

0.102491	0.0118976

0.102676	0.0119619

0.102862	0.0120261

0.103048	0.0120903

0.103233	0.0121544

0.103418	0.0122184

0.103604	0.0122823

0.103789	0.0123462

0.103974	0.01241

0.104159	0.0124737

0.104344	0.0125373

0.104529	0.0126009

0.104714	0.0126644

0.104898	0.0127278

0.105083	0.0127912

0.105268	0.0128545

0.105452	0.0129177

0.105637	0.0129808

0.105821	0.0130439

0.106005	0.0131069

0.106189	0.0131698

0.106374	0.0132326

0.106558	0.0132954

0.106742	0.0133581

0.106925	0.0134207

0.107109	0.0134833

0.107293	0.0135458

0.107477	0.0136082

0.10766	0.0136705

0.107844	0.0137328

0.108027	0.013795

0.108211	0.0138571

0.108394	0.0139191

0.108577	0.0139811

0.10876	0.014043

0.108943	0.0141048

0.109126	0.0141666

0.109309	0.0142282

0.109492	0.0142899

0.109675	0.0143514

0.109857	0.0144128

0.11004	0.0144742

0.110222	0.0145355

0.110405	0.0145968

0.110587	0.014658

0.110769	0.0147191

0.110952	0.0147801

0.111134	0.014841

0.111316	0.0149019

0.111498	0.0149627

0.11168	0.0150234

0.111861	0.0150841

0.112043	0.0151447

0.112225	0.0152052

0.112406	0.0152656

0.112588	0.015326

0.112769	0.0153863

0.112951	0.0154465

0.113132	0.0155067

0.113313	0.0155667

0.113494	0.0156268

0.113675	0.0156867

0.113856	0.0157465

0.114037	0.0158063

0.114218	0.015866

0.114399	0.0159257

0.114579	0.0159852

0.11476	0.0160447

0.11494	0.0161042

0.115121	0.0161635

0.115301	0.0162228

0.115482	0.016282

0.115662	0.0163411

0.115842	0.0164002

0.116022	0.0164591

0.116202	0.0165181

0.116382	0.0165769

0.116562	0.0166357

0.116741	0.0166943

0.116921	0.016753

0.117101	0.0168115

0.11728	0.01687

0.117459	0.0169284

0.117639	0.0169867

0.117818	0.017045

0.117997	0.0171031

0.118176	0.0171613

0.118355	0.0172193

0.118534	0.0172773

0.118713	0.0173351

0.118892	0.017393

0.119071	0.0174507

0.119249	0.0175084

0.119428	0.017566

0.119607	0.0176235

0.119785	0.017681

0.119963	0.0177383

0.120142	0.0177956

0.12032	0.0178529

0.120498	0.01791

0.120676	0.0179671

0.120854	0.0180241

0.121032	0.0180811

0.12121	0.018138

0.121387	0.0181948

0.121565	0.0182515

0.121743	0.0183081

0.12192	0.0183647

0.122097	0.0184212

0.122275	0.0184776

0.122452	0.018534

0.122629	0.0185903

0.122806	0.0186465

0.122983	0.0187026

0.12316	0.0187587

0.123337	0.0188147

0.123514	0.0188706

0.123691	0.0189265

0.123867	0.0189823

0.124044	0.019038

0.124221	0.0190936

0.124397	0.0191492

0.124573	0.0192046

0.12475	0.0192601

0.124926	0.0193154

0.125102	0.0193707

0.125278	0.0194259

0.125454	0.019481

0.12563	0.019536

0.125806	0.019591

0.125981	0.0196459

0.126157	0.0197007

0.126332	0.0197555

0.126508	0.0198102

0.126683	0.0198648

0.126859	0.0199193

0.127034	0.0199738

0.127209	0.0200282

0.127384	0.0200825

0.127559	0.0201367

0.127734	0.0201909

0.127909	0.020245

0.128084	0.0202991

0.128259	0.020353

0.128433	0.0204069

0.128608	0.0204607

0.128782	0.0205144

0.128957	0.0205681

0.129131	0.0206217

0.129305	0.0206752

0.12948	0.0207287

0.129654	0.020782

0.129828	0.0208353

0.130002	0.0208886

0.130176	0.0209417

0.130349	0.0209948

0.130523	0.0210478

0.130697	0.0211007

0.13087	0.0211536

0.131044	0.0212064

0.131217	0.0212591

0.131391	0.0213117

0.131564	0.0213643

0.131737	0.0214168

0.13191	0.0214692

0.132083	0.0215216

0.132256	0.0215739

0.132429	0.0216261

0.132602	0.0216782

0.132775	0.0217303

0.132947	0.0217823

0.13312	0.0218342

0.133292	0.021886

0.133465	0.0219378

0.133637	0.0219895

0.133809	0.0220411

0.133981	0.0220927

0.134154	0.0221441

0.134326	0.0221955

0.134498	0.0222469

0.134669	0.0222981

0.134841	0.0223493

0.135013	0.0224004

0.135185	0.0224515

0.135356	0.0225024

0.135528	0.0225533

0.135699	0.0226042

0.13587	0.0226549

0.136042	0.0227056

0.136213	0.0227562

0.136384	0.0228067

0.136555	0.0228572

0.136726	0.0229076

0.136897	0.0229579

0.137068	0.0230081

0.137238	0.0230583

0.137409	0.0231084

0.13758	0.0231584

0.13775	0.0232083

0.13792	0.0232582

0.138091	0.023308

0.138261	0.0233578

0.138431	0.0234074

0.138601	0.023457

0.138771	0.0235065

0.138941	0.0235559

0.139111	0.0236053

0.139281	0.0236546

0.139451	0.0237038

0.13962	0.023753

0.13979	0.023802

0.139959	0.023851

0.140129	0.0239

0.140298	0.0239488

0.140467	0.0239976

0.140637	0.0240463

0.140806	0.0240949

0.140975	0.0241435

0.141144	0.024192

0.141312	0.0242404

0.141481	0.0242888

0.14165	0.024337

0.141819	0.0243852

0.141987	0.0244334

0.142156	0.0244814

0.142324	0.0245294

0.142492	0.0245773

0.142661	0.0246251

0.142829	0.0246729

0.142997	0.0247206

0.143165	0.0247682

0.143333	0.0248158

0.143501	0.0248632

0.143669	0.0249106

0.143836	0.0249579

0.144004	0.0250052

0.144172	0.0250524

0.144339	0.0250995

0.144506	0.0251465

0.144674	0.0251935

0.144841	0.0252404

0.145008	0.0252872

0.145175	0.0253339

0.145342	0.0253806

0.145509	0.0254272

0.145676	0.0254737

0.145843	0.0255202

0.14601	0.0255665

0.146176	0.0256128

0.146343	0.0256591

0.146509	0.0257052

0.146676	0.0257513

0.146842	0.0257973

0.147008	0.0258433

0.147174	0.0258891

0.147341	0.0259349

0.147507	0.0259807

0.147673	0.0260263

0.147838	0.0260719

0.148004	0.0261174

0.14817	0.0261628

0.148336	0.0262082

0.148501	0.0262535

0.148667	0.0262987

0.148832	0.0263438

0.148997	0.0263889

0.149163	0.0264339

0.149328	0.0264788

0.149493	0.0265236

0.149658	0.0265684

0.149823	0.0266131

0.149988	0.0266577

0.150152	0.0267023

0.150317	0.0267468

0.150482	0.0267912

0.150646	0.0268355

0.150811	0.0268798

0.150975	0.026924

0.15114	0.0269681

0.151304	0.0270121

0.151468	0.0270561

0.151632	0.0271

0.151796	0.0271438

0.15196	0.0271876

0.152124	0.0272313

0.152288	0.0272749

0.152451	0.0273184

0.152615	0.0273619

0.152779	0.0274053

0.152942	0.0274486

0.153106	0.0274918

0.153269	0.027535

0.153432	0.0275781

0.153595	0.0276211

0.153758	0.0276641

0.153921	0.027707

0.154084	0.0277498

0.154247	0.0277925

0.15441	0.0278352

0.154573	0.0278778

0.154735	0.0279203

0.154898	0.0279627

0.15506	0.0280051

0.155223	0.0280474

0.155385	0.0280896

0.155547	0.0281318

0.155709	0.0281738

0.155872	0.0282159

0.156034	0.0282578

0.156196	0.0282996

0.156357	0.0283414

0.156519	0.0283831

0.156681	0.0284248

0.156843	0.0284664

0.157004	0.0285079

0.157166	0.0285493

0.157327	0.0285906

0.157488	0.0286319

0.15765	0.0286731

0.157811	0.0287142

0.157972	0.0287553

0.158133	0.0287963

0.158294	0.0288372

0.158455	0.028878

0.158615	0.0289188

0.158776	0.0289595

0.158937	0.0290001

0.159097	0.0290407

0.159258	0.0290811

0.159418	0.0291215

0.159578	0.0291619

0.159739	0.0292021

0.159899	0.0292423

0.160059	0.0292824

0.160219	0.0293225

0.160379	0.0293624

0.160539	0.0294023

0.160699	0.0294421

0.160858	0.0294819

0.161018	0.0295216

0.161177	0.0295612

0.161337	0.0296007

0.161496	0.0296402

0.161656	0.0296795

0.161815	0.0297188

0.161974	0.0297581

0.162133	0.0297972

0.162292	0.0298363

0.162451	0.0298754

0.16261	0.0299143

0.162769	0.0299532

0.162927	0.029992

0.163086	0.0300307

0.163245	0.0300694

0.163403	0.0301079

0.163561	0.0301464

0.16372	0.0301849

0.163878	0.0302232

0.164036	0.0302615

0.164194	0.0302997

0.164352	0.0303379

0.16451	0.030376

0.164668	0.030414

0.164826	0.0304519

0.164984	0.0304897

0.165141	0.0305275

0.165299	0.0305652

0.165456	0.0306029

0.165614	0.0306404

0.165771	0.0306779

0.165928	0.0307153

0.166085	0.0307527

0.166242	0.0307899

0.166399	0.0308271

0.166556	0.0308643

0.166713	0.0309013

0.16687	0.0309383

0.167027	0.0309752

0.167183	0.031012

0.16734	0.0310488

0.167496	0.0310855

0.167653	0.0311221

0.167809	0.0311586

0.167965	0.0311951

0.168121	0.0312315

0.168278	0.0312678

0.168434	0.0313041

0.168589	0.0313402

0.168745	0.0313763

0.168901	0.0314124

0.169057	0.0314483

0.169212	0.0314842

0.169368	0.03152

0.169523	0.0315558

0.169679	0.0315914

0.169834	0.031627

0.169989	0.0316626

0.170145	0.031698

0.1703	0.0317334

0.170455	0.0317687

0.17061	0.0318039

0.170764	0.0318391

0.170919	0.0318741

0.171074	0.0319092

0.171229	0.0319441

0.171383	0.031979

0.171538	0.0320138

0.171692	0.0320485

0.171846	0.0320831

0.172	0.0321177

0.172155	0.0321522

0.172309	0.0321866

0.172463	0.032221

0.172617	0.0322553

0.17277	0.0322895

0.172924	0.0323236

0.173078	0.0323577

0.173232	0.0323917

0.173385	0.0324256

0.173539	0.0324594

0.173692	0.0324932

0.173845	0.0325269

0.173999	0.0325605

0.174152	0.0325941

0.174305	0.0326276

0.174458	0.032661

0.174611	0.0326943

0.174764	0.0327276

0.174916	0.0327608

0.175069	0.0327939

0.175222	0.0328269

0.175374	0.0328599

0.175527	0.0328928

0.175679	0.0329256

0.175831	0.0329584

0.175984	0.032991

0.176136	0.0330236

0.176288	0.0330562

0.17644	0.0330886

0.176592	0.033121

0.176744	0.0331533

0.176895	0.0331856

0.177047	0.0332178

0.177199	0.0332498

0.17735	0.0332819

0.177502	0.0333138

0.177653	0.0333457

0.177804	0.0333775

0.177956	0.0334092

0.178107	0.0334409

0.178258	0.0334725

0.178409	0.033504

0.17856	0.0335354

0.178711	0.0335668

0.178861	0.0335981

0.179012	0.0336293

0.179163	0.0336605

0.179313	0.0336915

0.179464	0.0337225

0.179614	0.0337535

0.179764	0.0337843

0.179915	0.0338151

0.180065	0.0338458

0.180215	0.0338765

0.180365	0.033907

0.180515	0.0339375

0.180665	0.033968

0.180814	0.0339983

0.180964	0.0340286

0.181114	0.0340588

0.181263	0.0340889

0.181413	0.034119

0.181562	0.0341489

0.181711	0.0341789

0.181861	0.0342087

0.18201	0.0342385

0.182159	0.0342682

0.182308	0.0342978

0.182457	0.0343273

0.182606	0.0343568

0.182754	0.0343862

0.182903	0.0344155

0.183052	0.0344448

0.1832	0.034474

0.183349	0.0345031

0.183497	0.0345321

0.183645	0.0345611

0.183794	0.03459

0.183942	0.0346188

0.18409	0.0346475

0.184238	0.0346762

0.184386	0.0347048

0.184534	0.0347333

0.184681	0.0347618

0.184829	0.0347901

0.184977	0.0348185

0.185124	0.0348467

0.185272	0.0348748

0.185419	0.0349029

0.185566	0.034931

0.185713	0.0349589

0.185861	0.0349868

0.186008	0.0350146

0.186155	0.0350423

0.186302	0.0350699

0.186448	0.0350975

0.186595	0.035125

0.186742	0.0351525

0.186889	0.0351798

0.187035	0.0352071

0.187182	0.0352343

0.187328	0.0352615

0.187474	0.0352885

0.18762	0.0353155

0.187767	0.0353425

0.187913	0.0353693

0.188059	0.0353961

0.188205	0.0354228

0.18835	0.0354494

0.188496	0.035476

0.188642	0.0355025

0.188787	0.0355289

0.188933	0.0355552

0.189078	0.0355815

0.189224	0.0356077

0.189369	0.0356338

0.189514	0.0356598

0.189659	0.0356858

0.189805	0.0357117

0.18995	0.0357376

0.190094	0.0357633

0.190239	0.035789

0.190384	0.0358146

0.190529	0.0358401

0.190673	0.0358656

0.190818	0.035891

0.190962	0.0359163

0.191107	0.0359416

0.191251	0.0359667

0.191395	0.0359918

0.191539	0.0360169

0.191683	0.0360418

0.191827	0.0360667

0.191971	0.0360915

0.192115	0.0361163

0.192259	0.0361409

0.192403	0.0361655

0.192546	0.03619

0.19269	0.0362145

0.192833	0.0362389

0.192977	0.0362632

0.19312	0.0362874

0.193263	0.0363115

0.193406	0.0363356

0.193549	0.0363596

0.193692	0.0363836

0.193835	0.0364074

0.193978	0.0364312

0.194121	0.0364549

0.194264	0.0364786

0.194406	0.0365021

0.194549	0.0365256

0.194691	0.0365491

0.194833	0.0365724

0.194976	0.0365957

0.195118	0.0366189

0.19526	0.036642

0.195402	0.0366651

0.195544	0.0366881

0.195686	0.036711

0.195828	0.0367339

0.19597	0.0367566

0.196111	0.0367793

0.196253	0.0368019

0.196394	0.0368245

0.196536	0.036847

0.196677	0.0368694

0.196819	0.0368917

0.19696	0.036914

0.197101	0.0369362

0.197242	0.0369583

0.197383	0.0369803

0.197524	0.0370023

0.197665	0.0370242

0.197806	0.037046

0.197946	0.0370677

0.198087	0.0370894

0.198227	0.037111

0.198368	0.0371326

0.198508	0.037154

0.198648	0.0371754

0.198789	0.0371967

0.198929	0.037218

0.199069	0.0372391

0.199209	0.0372602

0.199349	0.0372812

0.199489	0.0373022

0.199628	0.0373231

0.199768	0.0373439

0.199908	0.0373646

0.200047	0.0373853

0.200187	0.0374058

0.200326	0.0374263

0.200465	0.0374468

0.200604	0.0374672

0.200744	0.0374874

0.200883	0.0375077

0.201022	0.0375278

0.201161	0.0375479

0.201299	0.0375679

0.201438	0.0375878

0.201577	0.0376077

0.201715	0.0376275

0.201854	0.0376472

0.201992	0.0376668

0.202131	0.0376864

0.202269	0.0377059

0.202407	0.0377253

0.202545	0.0377446

0.202683	0.0377639

0.202821	0.0377831

0.202959	0.0378022

0.203097	0.0378213

0.203235	0.0378402

0.203373	0.0378592

0.20351	0.037878

0.203648	0.0378968

0.203785	0.0379154

0.203923	0.0379341

0.20406	0.0379526

0.204197	0.0379711

0.204334	0.0379895

0.204471	0.0380078

0.204608	0.0380261

0.204745	0.0380442

0.204882	0.0380623

0.205019	0.0380804

0.205155	0.0380983

0.205292	0.0381162

0.205428	0.038134

0.205565	0.0381518

0.205701	0.0381694

0.205838	0.038187

0.205974	0.0382046

0.20611	0.038222

0.206246	0.0382394

0.206382	0.0382567

0.206518	0.0382739

0.206654	0.0382911

0.206789	0.0383082

0.206925	0.0383252

0.207061	0.0383421

0.207196	0.038359

0.207332	0.0383758

0.207467	0.0383925

0.207602	0.0384092

0.207738	0.0384257

0.207873	0.0384422

0.208008	0.0384587

0.208143	0.038475

0.208278	0.0384913

0.208412	0.0385075

0.208547	0.0385237

0.208682	0.0385397

0.208816	0.0385557

0.208951	0.0385717

0.209085	0.0385875

0.20922	0.0386033

0.209354	0.038619

0.209488	0.0386346

0.209622	0.0386502

0.209756	0.0386656

0.20989	0.0386811

0.210024	0.0386964

0.210158	0.0387117

0.210292	0.0387269

0.210426	0.038742

0.210559	0.038757

0.210693	0.038772

0.210826	0.0387869

0.210959	0.0388017

0.211093	0.0388165

0.211226	0.0388312

0.211359	0.0388458

0.211492	0.0388603

0.211625	0.0388748

0.211758	0.0388892

0.211891	0.0389035

0.212024	0.0389177

0.212156	0.0389319

0.212289	0.038946

0.212421	0.03896

0.212554	0.038974

0.212686	0.0389878

0.212818	0.0390017

0.212951	0.0390154

0.213083	0.0390291

0.213215	0.0390426

0.213347	0.0390562

0.213479	0.0390696

0.21361	0.039083

0.213742	0.0390963

0.213874	0.0391095

0.214005	0.0391226

0.214137	0.0391357

0.214268	0.0391487

0.2144	0.0391617

0.214531	0.0391745

0.214662	0.0391873

0.214793	0.0392

0.214924	0.0392127

0.215055	0.0392252

0.215186	0.0392377

0.215317	0.0392502

0.215448	0.0392625

0.215579	0.0392748

0.215709	0.039287

0.21584	0.0392991

0.21597	0.0393112

0.2161	0.0393232

0.216231	0.0393351

0.216361	0.0393469

0.216491	0.0393587

0.216621	0.0393704

0.216751	0.039382

0.216881	0.0393936

0.217011	0.039405

0.217141	0.0394164

0.21727	0.0394278

0.2174	0.039439

0.217529	0.0394502

0.217659	0.0394613

0.217788	0.0394724

0.217917	0.0394833

0.218047	0.0394942

0.218176	0.039505

0.218305	0.0395158

0.218434	0.0395265

0.218563	0.0395371

0.218691	0.0395476

0.21882	0.039558

0.218949	0.0395684

0.219077	0.0395787

0.219206	0.039589

0.219334	0.0395991

0.219463	0.0396092

0.219591	0.0396192

0.219719	0.0396292

0.219847	0.0396391

0.219975	0.0396489

0.220103	0.0396586

0.220231	0.0396682

0.220359	0.0396778

0.220487	0.0396873

0.220614	0.0396968

0.220742	0.0397061

0.220869	0.0397154

0.220997	0.0397246

0.221124	0.0397338

0.221252	0.0397429

0.221379	0.0397519

0.221506	0.0397608

0.221633	0.0397696

0.22176	0.0397784

0.221887	0.0397871

0.222014	0.0397958

0.22214	0.0398043

0.222267	0.0398128

0.222394	0.0398212

0.22252	0.0398296

0.222647	0.0398378

0.222773	0.039846

0.222899	0.0398542

0.223025	0.0398622

0.223151	0.0398702

0.223277	0.0398781

0.223403	0.0398859

0.223529	0.0398937

0.223655	0.0399014

0.223781	0.039909

0.223907	0.0399165

0.224032	0.039924

0.224158	0.0399314

0.224283	0.0399387

0.224408	0.039946

0.224534	0.0399531

0.224659	0.0399602

0.224784	0.0399673

0.224909	0.0399742

0.225034	0.0399811

0.225159	0.0399879

0.225284	0.0399947

0.225408	0.0400013

0.225533	0.0400079

0.225658	0.0400145

0.225782	0.0400209

0.225907	0.0400273

0.226031	0.0400336

0.226155	0.0400398

0.226279	0.040046

0.226404	0.0400521

0.226528	0.0400581

0.226652	0.040064

0.226775	0.0400699

0.226899	0.0400757

0.227023	0.0400814

0.227147	0.040087

0.22727	0.0400926

0.227394	0.0400981

0.227517	0.0401035

0.22764	0.0401089

0.227764	0.0401142

0.227887	0.0401194

0.22801	0.0401245

0.228133	0.0401296

0.228256	0.0401346

0.228379	0.0401395

0.228502	0.0401443

0.228624	0.0401491

0.228747	0.0401538

0.22887	0.0401584

0.228992	0.040163

0.229115	0.0401675

0.229237	0.0401719

0.229359	0.0401762

0.229481	0.0401805

0.229604	0.0401847

0.229726	0.0401888

0.229848	0.0401928

0.229969	0.0401968

0.230091	0.0402007

0.230213	0.0402045

0.230335	0.0402083

0.230456	0.040212

0.230578	0.0402156

0.230699	0.0402191

0.23082	0.0402226

0.230942	0.0402259

0.231063	0.0402293

0.231184	0.0402325

0.231305	0.0402357

0.231426	0.0402388

0.231547	0.0402418

0.231668	0.0402447

0.231788	0.0402476

0.231909	0.0402504

0.23203	0.0402532

0.23215	0.0402558

0.232271	0.0402584

0.232391	0.0402609

0.232511	0.0402634

0.232631	0.0402657

0.232751	0.040268

0.232872	0.0402702

0.232991	0.0402724

0.233111	0.0402745

0.233231	0.0402765

0.233351	0.0402784

0.233471	0.0402803

0.23359	0.0402821

0.23371	0.0402838

0.233829	0.0402854

0.233948	0.040287

0.234068	0.0402885

0.234187	0.0402899

0.234306	0.0402912

0.234425	0.0402925

0.234544	0.0402937

0.234663	0.0402948

0.234782	0.0402959

0.2349	0.0402969

0.235019	0.0402978

0.235138	0.0402986

0.235256	0.0402994

0.235374	0.0403001

0.235493	0.0403007

0.235611	0.0403012

0.235729	0.0403017

0.235847	0.0403021

0.235965	0.0403025

0.236083	0.0403027

0.236201	0.0403029

0.236319	0.040303

0.236437	0.040303

0.236437	0.040303

0.237228	0.0403025

0.238019	0.0403008

0.238809	0.0402981

0.239599	0.0402943

0.240389	0.0402894

0.241178	0.0402834

0.241967	0.0402762

0.242756	0.040268

0.243544	0.0402587

0.244332	0.0402484

0.24512	0.0402369

0.245907	0.0402243

0.246694	0.0402106

0.247481	0.0401959

0.248267	0.04018

0.249053	0.0401631

0.249839	0.040145

0.250625	0.0401259

0.25141	0.0401056

0.252194	0.0400843

0.252979	0.0400619

0.253763	0.0400384

0.254546	0.0400138

0.25533	0.0399881

0.256113	0.0399613

0.256895	0.0399334

0.257678	0.0399044

0.25846	0.0398743

0.259241	0.0398432

0.260023	0.0398109

0.260804	0.0397776

0.261584	0.0397431

0.262365	0.0397076

0.263145	0.0396709

0.263924	0.0396332

0.264704	0.0395944

0.265483	0.0395545

0.266261	0.0395135

0.26704	0.0394714

0.267818	0.0394282

0.268595	0.0393839

0.269373	0.0393385

0.27015	0.039292

0.270926	0.0392444

0.271703	0.0391958

0.272479	0.039146

0.273254	0.0390952

0.274029	0.0390432

0.274804	0.0389902

0.275579	0.038936

0.276353	0.0388808

0.277127	0.0388245

0.277901	0.0387671

0.278674	0.0387086

0.279447	0.038649

0.28022	0.0385883

0.280992	0.0385265

0.281764	0.0384636

0.282536	0.0383996

0.283307	0.0383346

0.284078	0.0382684

0.284848	0.0382011

0.285619	0.0381328

0.286389	0.0380633

0.287158	0.0379928

0.287928	0.0379212

0.288696	0.0378485

0.289465	0.0377746

0.290233	0.0376997

0.291001	0.0376237

0.291769	0.0375466

0.292536	0.0374684

0.293303	0.0373891

0.29407	0.0373088

0.294836	0.0372273

0.295602	0.0371447

0.296367	0.0370611

0.297133	0.0369763

0.297897	0.0368905

0.298662	0.0368035

0.299426	0.0367155

0.30019	0.0366264

0.300954	0.0365361

0.301717	0.0364448

0.30248	0.0363524

0.303242	0.0362589

0.304005	0.0361643

0.304767	0.0360686

0.305528	0.0359718

0.306289	0.035874

0.30705	0.035775

0.307811	0.0356749

0.308571	0.0355738

0.309331	0.0354715

0.31009	0.0353682

0.31085	0.0352637

0.311608	0.0351582

0.312367	0.0350516

0.313125	0.0349439

0.313883	0.034835

0.314641	0.0347251

0.315398	0.0346141

0.316155	0.034502

0.316911	0.0343889

0.317667	0.0342746

0.318423	0.0341592

0.319179	0.0340427

0.319934	0.0339252

0.320689	0.0338065

0.321443	0.0336868

0.322197	0.0335659

0.322951	0.033444

0.323705	0.033321

0.324458	0.0331968

0.325211	0.0330716

0.325963	0.0329453

0.326715	0.0328179

0.327467	0.0326894

0.328219	0.0325598

0.32897	0.0324291

0.329721	0.0322974

0.330471	0.0321645

0.331221	0.0320305

0.331971	0.0318955

0.332721	0.0317593

0.33347	0.0316221

0.334219	0.0314837

0.334967	0.0313443

0.335715	0.0312038

0.336463	0.0310621

0.33721	0.0309194

0.337958	0.0307756

0.338704	0.0306307

0.339451	0.0304847

0.340197	0.0303376

0.340943	0.0301894

0.341688	0.0300402

0.342433	0.0298898

0.343178	0.0297383

0.343923	0.0295858

0.344667	0.0294321

0.34541	0.0292774

0.346154	0.0291215

0.346897	0.0289646

0.34764	0.0288066

0.348382	0.0286475

0.349124	0.0284873

0.349866	0.028326

0.350608	0.0281636

0.351349	0.0280001

0.352089	0.0278355

0.35283	0.0276698

0.35357	0.027503

0.35431	0.0273352

0.355049	0.0271662

0.355788	0.0269961

0.356527	0.026825

0.357265	0.0266528

0.358003	0.0264794

0.358741	0.026305

0.359479	0.0261295

0.360216	0.0259528

0.360952	0.0257751

0.361689	0.0255963

0.362425	0.0254164

0.363161	0.0252354

0.363896	0.0250534

0.364631	0.0248702

0.365366	0.0246859

0.3661	0.0245006

0.366834	0.0243141

0.367568	0.0241265

0.368301	0.0239379

0.369034	0.0237482

0.369767	0.0235573

0.370499	0.0233654

0.371232	0.0231724

0.371963	0.0229783

0.372695	0.0227831

0.373426	0.0225868

0.374156	0.0223894

0.374887	0.0221909

0.375617	0.0219913

0.376346	0.0217906

0.377076	0.0215888

0.377805	0.021386

0.378533	0.021182

0.379262	0.020977

0.37999	0.0207708

0.380718	0.0205636

0.381445	0.0203553

0.382172	0.0201458

0.382899	0.0199353

0.383625	0.0197237

0.384351	0.019511

0.385077	0.0192972

0.385802	0.0190823

0.386527	0.0188663

0.387252	0.0186493

0.387976	0.0184311

0.3887	0.0182118

0.389424	0.0179915

0.390147	0.01777

0.39087	0.0175475

0.391593	0.0173238

0.392315	0.0170991

0.393037	0.0168733

0.393759	0.0166463

0.39448	0.0164183

0.395201	0.0161892

0.395921	0.015959

0.396642	0.0157277

0.397362	0.0154953

0.398081	0.0152618

0.398801	0.0150273

0.39952	0.0147916

0.400238	0.0145548

0.400957	0.014317

0.401674	0.014078

0.402392	0.013838

0.403109	0.0135968

0.403826	0.0133546

0.404543	0.0131113

0.405259	0.0128669

0.405975	0.0126213

0.406691	0.0123747

0.407406	0.012127

0.408121	0.0118782

0.408836	0.0116284

0.40955	0.0113774

0.410264	0.0111253

0.410977	0.0108721

0.411691	0.0106179

0.412404	0.0103625

0.413116	0.0101061

0.413828	0.00984853

0.41454	0.0095899

0.415252	0.00933017

0.415963	0.00906934

0.416674	0.00880743

0.417385	0.00854442

0.418095	0.00828031

0.418805	0.00801512

0.419514	0.00774883

0.420224	0.00748144

0.420933	0.00721296

0.421641	0.00694339

0.422349	0.00667273

0.423057	0.00640097

0.423765	0.00612811

0.424472	0.00585417

0.425179	0.00557913

0.425886	0.00530299

0.426592	0.00502577

0.427298	0.00474745

0.428003	0.00446803

0.428708	0.00418753

0.429413	0.00390592

0.430118	0.00362323

0.430822	0.00333944

0.431526	0.00305456

0.432229	0.00276858

0.432933	0.00248151

0.433636	0.00219335

0.434338	0.00190409

0.43504	0.00161374

0.435742	0.0013223

0.436444	0.00102976

0.437145	0.000736132

0.437846	0.000441407

0.438546	0.000145589

0.439246	-0.000151323

0.439946	-0.000449328

0.440646	-0.000748427

0.441345	-0.00104862

0.442044	-0.00134991

0.442742	-0.00165229

0.443441	-0.00195576

0.444138	-0.00226033

0.444836	-0.00256599

0.445533	-0.00287274

0.44623	-0.00318059

0.446926	-0.00348953

0.447623	-0.00379956

0.448318	-0.00411069

0.449014	-0.00442291

0.449709	-0.00473623

0.450404	-0.00505064

0.451098	-0.00536614

0.451792	-0.00568274

0.452486	-0.00600043

0.45318	-0.00631921

0.453873	-0.00663909

0.454566	-0.00696006

0.455258	-0.00728212

0.45595	-0.00760528

0.456642	-0.00792953

0.457334	-0.00825488

0.458025	-0.00858132

0.458716	-0.00890885

0.459406	-0.00923748

0.460096	-0.0095672

0.460786	-0.00989801

0.461475	-0.0102299

0.462164	-0.0105629

0.462853	-0.010897

0.463542	-0.0112322

0.46423	-0.0115685

0.464918	-0.0119059

0.465605	-0.0122443

0.466292	-0.0125839

0.466979	-0.0129245

0.467665	-0.0132663

0.468351	-0.0136091

0.469037	-0.0139531

0.469723	-0.0142981

0.470408	-0.0146442

0.471093	-0.0149914

0.471777	-0.0153398

0.472461	-0.0156892

0.473145	-0.0160397

0.473828	-0.0163912

0.474511	-0.0167439

0.475194	-0.0170977

0.475876	-0.0174526

0.476559	-0.0178085

0.47724	-0.0181656

0.477922	-0.0185238

0.478603	-0.018883

0.479283	-0.0192433

0.479964	-0.0196048

0.480644	-0.0199673

0.481324	-0.0203309

0.482003	-0.0206956

0.482682	-0.0210615

0.483361	-0.0214284

0.484039	-0.0217964

0.484717	-0.0221654

0.485395	-0.0225356

0.486072	-0.0229069

0.486749	-0.0232793

0.487426	-0.0236527

0.488103	-0.0240273

0.488779	-0.0244029

0.489454	-0.0247797

0.49013	-0.0251575

0.490805	-0.0255365

0.491479	-0.0259165

0.492154	-0.0262976

0.492828	-0.0266798

0.493501	-0.0270631

0.494175	-0.0274475

0.494848	-0.027833

0.495521	-0.0282196

0.496193	-0.0286073

0.496865	-0.028996

0.497537	-0.0293859

0.498208	-0.0297769

0.498879	-0.0301689

0.49955	-0.0305621

0.50022	-0.0309563

0.50089	-0.0313517

0.50156	-0.0317481

0.502229	-0.0321456

0.502898	-0.0325442

0.503567	-0.0329439

0.504235	-0.0333447

0.504903	-0.0337466

0.505571	-0.0341496

0.506238	-0.0345537

0.506905	-0.0349589

0.507572	-0.0353652

0.508238	-0.0357725

0.508904	-0.036181

0.50957	-0.0365905

0.510235	-0.0370012

0.5109	-0.0374129

0.511565	-0.0378258

0.512229	-0.0382397

0.512893	-0.0386547

0.513556	-0.0390708

0.51422	-0.039488

0.514883	-0.0399063

0.515545	-0.0403257

0.516208	-0.0407462

0.51687	-0.0411678

0.517531	-0.0415905

0.518192	-0.0420142

0.518853	-0.0424391

0.519514	-0.0428651

0.520174	-0.0432921

0.520834	-0.0437202

0.521494	-0.0441495

0.522153	-0.0445798

0.522812	-0.0450112

0.523471	-0.0454438

0.524129	-0.0458774

0.524787	-0.0463121

0.525444	-0.0467479

0.526102	-0.0471848

0.526759	-0.0476227

0.527415	-0.0480618

0.528072	-0.048502

0.528727	-0.0489433

0.529383	-0.0493856

0.530038	-0.0498291

0.530693	-0.0502736

0.531348	-0.0507193

0.532002	-0.051166

0.532656	-0.0516138

0.53331	-0.0520628

0.533963	-0.0525128

0.534616	-0.0529639

0.535268	-0.0534161

0.53592	-0.0538694

0.536572	-0.0543238

0.537224	-0.0547792

0.537875	-0.0552358

0.538526	-0.0556935

0.539177	-0.0561523

0.539827	-0.0566121

0.540477	-0.0570731

0.541126	-0.0575351

0.541775	-0.0579983

0.542424	-0.0584625

0.543073	-0.0589278

0.543721	-0.0593942

0.544369	-0.0598617

0.545017	-0.0603304

0.545664	-0.0608001

0.546311	-0.0612708

0.546957	-0.0617427

0.547603	-0.0622157

0.548249	-0.0626898

0.548895	-0.063165

0.54954	-0.0636412

0.550185	-0.0641186

0.550829	-0.064597

0.551473	-0.0650766

0.552117	-0.0655572

0.552761	-0.0660389

0.553404	-0.0665218

0.554047	-0.0670057

0.554689	-0.0674907

0.555332	-0.0679768

0.555973	-0.068464

0.556615	-0.0689523

0.557256	-0.0694417

0.557897	-0.0699321

0.558537	-0.0704237

0.559178	-0.0709164

0.559817	-0.0714101

0.560457	-0.071905

0.561096	-0.0724009

0.561735	-0.072898

0.562373	-0.0733961

0.563011	-0.0738953

0.563649	-0.0743957

0.564287	-0.0748971

0.564924	-0.0753996

0.565561	-0.0759032

0.566197	-0.0764079

0.566833	-0.0769137

0.567469	-0.0774205

0.568105	-0.0779285

0.56874	-0.0784376

0.569375	-0.0789478

0.570009	-0.079459

0.570643	-0.0799714

0.571277	-0.0804848

0.57191	-0.0809993

0.572543	-0.081515

0.573176	-0.0820317

0.573809	-0.0825495

0.574441	-0.0830684

0.575073	-0.0835884

0.575704	-0.0841095

0.576335	-0.0846317

0.576966	-0.085155

0.577596	-0.0856794

0.578226	-0.0862049

0.578856	-0.0867314

0.579486	-0.0872591

0.580115	-0.0877878

0.580743	-0.0883177

0.581372	-0.0888486

0.582	-0.0893807

0.582628	-0.0899138

0.583255	-0.090448

0.583882	-0.0909833

0.584509	-0.0915198

0.585135	-0.0920573

0.585762	-0.0925959

0.586387	-0.0931355

0.587013	-0.0936763

0.587638	-0.0942182

0.588262	-0.0947612

0.588887	-0.0953052

0.589511	-0.0958504

0.590135	-0.0963966

0.590758	-0.096944

0.591381	-0.0974924

0.592004	-0.098042

0.592626	-0.0985926

0.593248	-0.0991443

0.59387	-0.0996971

0.594491	-0.100251

0.595112	-0.100806

0.595733	-0.101362

0.596354	-0.101919

0.596974	-0.102478

0.597593	-0.103037

0.598213	-0.103597

0.598832	-0.104159

0.59945	-0.104722

0.600069	-0.105285

0.600687	-0.10585

0.601304	-0.106416

0.601922	-0.106983

0.602539	-0.107551

0.603156	-0.108121

0.603772	-0.108691

0.604388	-0.109262

0.605004	-0.109835

0.605619	-0.110408

0.606234	-0.110983

0.606849	-0.111559

0.607463	-0.112136

0.608077	-0.112714

0.608691	-0.113293

0.609304	-0.113873

0.609917	-0.114454

0.61053	-0.115036

0.611142	-0.11562

0.611754	-0.116204

0.612366	-0.11679

0.612977	-0.117377

0.613588	-0.117965

0.614199	-0.118553

0.614809	-0.119143

0.615419	-0.119735

0.616029	-0.120327

0.616638	-0.12092

0.617247	-0.121514

0.617855	-0.12211

0.618464	-0.122706

0.619072	-0.123304

0.619679	-0.123903

0.620287	-0.124503

0.620894	-0.125104

0.6215	-0.125706

0.622107	-0.126309

0.622712	-0.126913

0.623318	-0.127518

0.623923	-0.128125

0.624528	-0.128732

0.625133	-0.129341

0.625737	-0.12995

0.626341	-0.130561

0.626945	-0.131173

0.627548	-0.131786

0.628151	-0.1324

0.628754	-0.133015

0.629356	-0.133631

0.629958	-0.134249

0.630559	-0.134867

0.631161	-0.135487

0.631762	-0.136107

0.632362	-0.136729

0.632962	-0.137352

0.633562	-0.137976

0.634162	-0.138601

0.634761	-0.139227

0.63536	-0.139854

0.635959	-0.140482

0.636557	-0.141112

0.637155	-0.141742

0.637752	-0.142374

0.63835	-0.143006

0.638947	-0.14364

0.639543	-0.144275

0.640139	-0.144911

0.640735	-0.145548

0.641331	-0.146186

0.641926	-0.146825

0.642521	-0.147465

0.643116	-0.148107

0.64371	-0.148749

0.644304	-0.149393

0.644897	-0.150038

0.64549	-0.150683

0.646083	-0.15133

0.646676	-0.151978

0.647268	-0.152627

0.64786	-0.153277

0.648451	-0.153929

0.649043	-0.154581

0.649633	-0.155234

0.650224	-0.155889

0.650814	-0.156545

0.651404	-0.157201

0.651994	-0.157859

0.652583	-0.158518

0.653172	-0.159178

0.65376	-0.159839

0.654348	-0.160501

0.654936	-0.161164

0.655524	-0.161829

0.656111	-0.162494

0.656698	-0.163161

0.657284	-0.163828

0.65787	-0.164497

0.658456	-0.165167

0.659042	-0.165838

0.659627	-0.16651

0.660212	-0.167183

0.660796	-0.167857

0.66138	-0.168533

0.661964	-0.169209

0.662548	-0.169886

0.663131	-0.170565

0.663714	-0.171245

0.664296	-0.171925

0.664878	-0.172607

0.66546	-0.17329

0.666042	-0.173974

0.666623	-0.174659

0.667204	-0.175346

0.667784	-0.176033

0.668364	-0.176721

0.668944	-0.177411

0.669523	-0.178102

0.670103	-0.178793

0.670681	-0.179486

0.67126	-0.18018

0.671838	-0.180875

0.672416	-0.181571

0.672993	-0.182268

0.67357	-0.182966

0.674147	-0.183666

0.674724	-0.184366

0.6753	-0.185068

0.675875	-0.18577

0.676451	-0.186474

0.677026	-0.187179

0.677601	-0.187885

0.678175	-0.188592

0.678749	-0.1893

0.679323	-0.190009

0.679896	-0.190719

0.68047	-0.191431

0.681042	-0.192143

0.681615	-0.192857

0.682187	-0.193572

0.682759	-0.194287

0.68333	-0.195004

0.683901	-0.195722

0.684472	-0.196441

0.685042	-0.197161

0.685612	-0.197882

0.686182	-0.198605

0.686751	-0.199328

0.687321	-0.200053

0.687889	-0.200778

0.688458	-0.201505

0.689026	-0.202233

0.689593	-0.202962

0.690161	-0.203692

0.690728	-0.204423

0.691295	-0.205155

0.691861	-0.205888

0.692427	-0.206623

0.692993	-0.207358

0.693558	-0.208095

0.694123	-0.208832

0.694688	-0.209571

0.695252	-0.210311

0.695816	-0.211052

0.69638	-0.211794

0.696943	-0.212537

0.697506	-0.213281

0.698069	-0.214026

0.698632	-0.214773

0.699194	-0.21552

0.699755	-0.216269

0.700317	-0.217018

0.700878	-0.217769

0.701438	-0.218521

0.701999	-0.219274

0.702559	-0.220028

0.703118	-0.220783

0.703678	-0.221539

0.704237	-0.222297

0.704795	-0.223055

0.705354	-0.223814

0.705912	-0.224575

0.706469	-0.225337

0.707027	-0.226099

0.707584	-0.226863

0.70814	-0.227628

0.708697	-0.228394

0.709253	-0.229162

0.709808	-0.22993

0.710364	-0.230699

0.710919	-0.23147

0.711473	-0.232241

0.712028	-0.233014

0.712582	-0.233787

0.713135	-0.234562

0.713689	-0.235338

0.714242	-0.236115

0.714794	-0.236893

0.715347	-0.237672

0.715899	-0.238453

0.71645	-0.239234

0.717001	-0.240017

0.717552	-0.2408

0.718103	-0.241585

0.718653	-0.242371

0.719203	-0.243157

0.719753	-0.243945

0.720302	-0.244734

0.720851	-0.245525

0.7214	-0.246316

0.721948	-0.247108

0.722496	-0.247901

0.723044	-0.248696

0.723591	-0.249492

0.724138	-0.250288

0.724684	-0.251086

0.725231	-0.251885

0.725777	-0.252685

0.726322	-0.253486

0.726867	-0.254288

0.727412	-0.255091

0.727957	-0.255896

0.728501	-0.256701

0.729045	-0.257508

0.729589	-0.258315

0.730132	-0.259124

0.730675	-0.259934

0.731217	-0.260745

0.73176	-0.261557

0.732302	-0.26237

0.732843	-0.263184

0.733384	-0.263999

0.733925	-0.264816

0.734466	-0.265633

0.735006	-0.266452

0.735546	-0.267271

0.736086	-0.268092

0.736625	-0.268914

0.737164	-0.269737

0.737702	-0.270561

0.73824	-0.271386

0.738778	-0.272212

0.739316	-0.273039

0.739853	-0.273868

0.74039	-0.274697

0.740927	-0.275528

0.741463	-0.27636

0.741999	-0.277192

0.742534	-0.278026

0.743069	-0.278861

0.743604	-0.279697

0.744139	-0.280534

0.744673	-0.281373

0.745207	-0.282212

0.74574	-0.283052

0.746274	-0.283894

0.746806	-0.284737

0.747339	-0.28558

0.747871	-0.286425

0.748403	-0.287271

0.748934	-0.288118

0.749466	-0.288966

0.749996	-0.289815

0.750527	-0.290665

0.751057	-0.291517

0.751587	-0.292369

0.752117	-0.293223

0.752646	-0.294078

0.753175	-0.294933

0.753703	-0.29579

0.754231	-0.296648

0.754759	-0.297507

0.755286	-0.298367

0.755814	-0.299228

0.75634	-0.300091

0.756867	-0.300954

0.757393	-0.301819

0.757919	-0.302684

0.758444	-0.303551

0.75897	-0.304419

0.759494	-0.305287

0.760019	-0.306157

0.760543	-0.307028

0.761067	-0.307901

0.76159	-0.308774

0.762113	-0.309648

0.762636	-0.310524

0.763159	-0.3114

0.763681	-0.312278

0.764202	-0.313156

0.764724	-0.314036

0.765245	-0.314917

0.765766	-0.315799

0.766286	-0.316682

0.766806	-0.317566

0.767326	-0.318452

0.767846	-0.319338

0.768365	-0.320225

0.768883	-0.321114

0.769402	-0.322004

0.76992	-0.322894

0.770438	-0.323786

0.770955	-0.324679

0.771472	-0.325573

0.771989	-0.326468

0.772505	-0.327364

0.773022	-0.328262

0.773537	-0.32916

0.774053	-0.33006

0.774568	-0.33096

0.775083	-0.331862

0.775597	-0.332765

0.776111	-0.333668

0.776625	-0.334573

0.777138	-0.335479

0.777651	-0.336387

0.778164	-0.337295

0.778676	-0.338204

0.779188	-0.339115

0.7797	-0.340026

0.780212	-0.340939

0.780723	-0.341852

0.781233	-0.342767

0.781744	-0.343683

0.782254	-0.3446

0.782764	-0.345518

0.783273	-0.346437

0.783782	-0.347358

0.784291	-0.348279

0.784799	-0.349201

0.785307	-0.350125

0.785815	-0.35105

0.786322	-0.351975

0.786829	-0.352902

0.787336	-0.35383

0.787842	-0.354759

0.788348	-0.355689

0.788854	-0.35662

0.789359	-0.357553

0.789864	-0.358486

0.790369	-0.359421

0.790873	-0.360356

0.791377	-0.361293

0.791881	-0.362231

0.792384	-0.363169

0.792887	-0.364109

0.79339	-0.36505

0.793892	-0.365992

0.794394	-0.366936

0.794896	-0.36788

0.795397	-0.368825

0.795898	-0.369772

0.796399	-0.37072

0.796899	-0.371668

0.797399	-0.372618

0.797899	-0.373569

0.798398	-0.374521

0.798897	-0.375474

0.799396	-0.376428

0.799894	-0.377383

0.800392	-0.37834

0.80089	-0.379297

0.801387	-0.380256

0.801884	-0.381215

0.802381	-0.382176

0.802877	-0.383138

0.803373	-0.384101

0.803869	-0.385065

0.804364	-0.38603

0.804859	-0.386996

0.805354	-0.387963

0.805848	-0.388932

0.806342	-0.389901

0.806836	-0.390872

0.807329	-0.391843

0.807822	-0.392816

0.808314	-0.39379

0.808807	-0.394765

0.809299	-0.395741

0.80979	-0.396718

0.810282	-0.397696

0.810772	-0.398676

0.811263	-0.399656

0.811753	-0.400638

0.812243	-0.40162

0.812733	-0.402604

0.813222	-0.403589

0.813711	-0.404575

0.8142	-0.405562

0.814688	-0.40655

0.815176	-0.407539

0.815663	-0.408529

0.816151	-0.40952

0.816638	-0.410513

0.817124	-0.411506

0.81761	-0.412501

0.818096	-0.413497

0.818582	-0.414494

0.819067	-0.415491

0.819552	-0.41649

0.820037	-0.417491

0.820521	-0.418492

0.821005	-0.419494

0.821488	-0.420497

0.821971	-0.421502

0.822454	-0.422507

0.822937	-0.423514

0.823419	-0.424522

0.823901	-0.425531

0.824383	-0.426541

0.824864	-0.427552

0.825345	-0.428564

0.825825	-0.429577

0.826305	-0.430591

0.826785	-0.431607

0.827265	-0.432623

0.827744	-0.433641

0.828223	-0.434659

0.828701	-0.435679

0.82918	-0.4367

0.829657	-0.437722

0.830135	-0.438745

0.830612	-0.439769

0.831089	-0.440795

0.831566	-0.441821

0.832042	-0.442848

0.832518	-0.443877

0.832993	-0.444906

0.833468	-0.445937

0.833943	-0.446969

0.834418	-0.448002

0.834892	-0.449036

0.835366	-0.450071

0.835839	-0.451107

0.836312	-0.452144

0.836785	-0.453183

0.837258	-0.454222

0.83773	-0.455263

0.838202	-0.456304

0.838673	-0.457347

0.839144	-0.458391

0.839615	-0.459436

0.840086	-0.460482

0.840556	-0.461529

0.841026	-0.462577

0.841495	-0.463627

0.841964	-0.464677

0.842433	-0.465729

0.842901	-0.466781

0.84337	-0.467835

0.843837	-0.46889

0.844305	-0.469945

0.844772	-0.471002

0.845239	-0.472061

0.845705	-0.47312

0.846171	-0.47418

0.846637	-0.475241

0.847103	-0.476304

0.847568	-0.477367

0.848032	-0.478432

0.848497	-0.479498

0.848961	-0.480564

0.849425	-0.481632

0.849888	-0.482701

0.850351	-0.483771

0.850814	-0.484842

0.851277	-0.485915

0.851739	-0.486988

0.8522	-0.488063

0.852662	-0.489138

0.853123	-0.490215

0.853584	-0.491293

0.854044	-0.492371

0.854504	-0.493451

0.854964	-0.494532

0.855423	-0.495614

0.855882	-0.496698

0.856341	-0.497782

0.8568	-0.498867

0.857258	-0.499954

0.857715	-0.501041

0.858173	-0.50213

0.85863	-0.50322

0.859087	-0.504311

0.859543	-0.505403

0.859999	-0.506496

