0.843266	0.536148

0.842963	0.535274

0.842659	0.534399

0.842353	0.533525

0.842046	0.532652

0.841738	0.531779

0.841428	0.530906

0.841117	0.530034

0.840805	0.529162

0.840491	0.52829

0.840175	0.527419

0.839858	0.526549

0.83954	0.525678

0.83922	0.524808

0.838899	0.523939

0.838577	0.52307

0.838253	0.522201

0.837927	0.521333

0.837601	0.520465

0.837272	0.519598

0.836942	0.518731

0.836611	0.517865

0.836279	0.516999

0.835945	0.516133

0.835609	0.515268

0.835272	0.514404

0.834933	0.51354

0.834593	0.512676

0.834252	0.511813

0.833909	0.510951

0.833565	0.510088

0.833219	0.509227

0.832871	0.508366

0.832522	0.507505

0.832172	0.506645

0.83182	0.505786

0.831467	0.504926

0.831112	0.504068

0.830755	0.50321

0.830397	0.502353

0.830038	0.501496

0.829677	0.500639

0.829314	0.499784

0.82895	0.498928

0.828585	0.498074

0.828217	0.49722

0.827849	0.496366

0.827479	0.495513

0.827107	0.494661

0.826733	0.493809

0.826359	0.492958

0.825982	0.492108

0.825604	0.491258

0.825225	0.490408

0.824843	0.48956

0.824461	0.488712

0.824076	0.487864

0.823691	0.487018

0.823303	0.486171

0.822914	0.485326

0.822523	0.484481

0.822131	0.483637

0.821737	0.482794

0.821341	0.481951

0.820944	0.481109

0.820545	0.480268

0.820144	0.479428

0.819741	0.478588

0.819337	0.477749

0.818932	0.476911

0.818525	0.476073

0.818116	0.475236

0.817706	0.4744

0.817294	0.473564

0.816881	0.472729

0.816467	0.471894

0.816051	0.47106

0.815633	0.470227

0.815214	0.469394

0.814794	0.468562

0.814372	0.46773

0.813949	0.466899

0.813525	0.466068

0.813099	0.465238

0.812672	0.464409

0.812244	0.46358

0.811814	0.462751

0.811383	0.461923

0.810951	0.461095

0.810518	0.460268

0.810083	0.459441

0.809648	0.458614

0.809211	0.457788

0.808773	0.456962

0.808334	0.456137

0.807894	0.455312

0.807453	0.454487

0.80701	0.453663

0.806567	0.452839

0.806123	0.452016

0.805677	0.451192

0.805231	0.450369

0.804783	0.449546

0.804335	0.448723

0.803886	0.447901

0.803436	0.447079

0.802985	0.446257

0.802533	0.445435

0.80208	0.444613

0.801626	0.443792

0.801172	0.442971

0.800716	0.442149

0.80026	0.441328

0.799803	0.440507

0.799346	0.439686

0.798887	0.438866

0.798428	0.438045

0.797968	0.437224

0.797508	0.436403

0.797047	0.435583

0.796584	0.434762

0.796121	0.433942

0.795657	0.433122

0.795192	0.432302

0.794726	0.431483

0.794259	0.430663

0.793792	0.429844

0.793323	0.429025

0.792853	0.428207

0.792383	0.427388

0.791911	0.42657

0.791439	0.425752

0.790966	0.424934

0.790491	0.424117

0.790016	0.4233

0.78954	0.422483

0.789063	0.421666

0.788585	0.420849

0.788106	0.420033

0.787626	0.419217

0.787145	0.418401

0.786663	0.417585

0.786181	0.41677

0.785697	0.415955

0.785212	0.41514

0.784727	0.414325

0.78424	0.413511

0.783753	0.412697

0.783265	0.411883

0.782775	0.411069

0.782285	0.410256

0.781794	0.409443

0.781302	0.40863

0.780809	0.407817

0.780314	0.407005

0.779819	0.406192

0.779323	0.405381

0.778827	0.404569

0.778329	0.403758

0.77783	0.402947

0.77733	0.402136

0.776829	0.401325

0.776328	0.400515

0.775825	0.399705

0.775321	0.398895

0.774817	0.398086

0.774311	0.397276

0.773805	0.396468

0.773297	0.395659

0.772789	0.39485

0.772279	0.394042

0.771769	0.393235

0.771258	0.392427

0.770745	0.39162

0.770232	0.390813

0.769718	0.390006

0.769203	0.3892

0.768686	0.388393

0.768169	0.387588

0.767651	0.386782

0.767132	0.385977

0.766612	0.385172

0.766091	0.384367

0.765569	0.383563

0.765046	0.382759

0.764522	0.381955

0.763997	0.381151

0.763471	0.380348

0.762944	0.379545

0.762416	0.378743

0.761888	0.37794

0.761358	0.377138

0.760827	0.376337

0.760295	0.375535

0.759762	0.374734

0.759229	0.373933

0.758694	0.373133

0.758158	0.372333

0.757621	0.371533

0.757084	0.370734

0.756545	0.369934

0.756005	0.369136

0.755465	0.368337

0.754923	0.367539

0.75438	0.366741

0.753837	0.365943

0.753292	0.365146

0.752747	0.364349

0.7522	0.363553

0.751652	0.362756

0.751104	0.36196

0.750554	0.361165

0.750004	0.36037

0.749452	0.359575

0.748899	0.35878

0.748346	0.357986

0.747791	0.357192

0.747236	0.356399

0.746679	0.355605

0.746122	0.354812

0.745563	0.35402

0.745003	0.353228

0.744443	0.352436

0.743881	0.351645

0.743319	0.350853

0.742755	0.350063

0.742191	0.349272

0.741625	0.348482

0.741058	0.347693

0.740491	0.346903

0.739922	0.346114

0.739353	0.345326

0.738782	0.344538

0.73821	0.34375

0.737638	0.342962

0.737064	0.342175

0.73649	0.341388

0.735915	0.340601

0.735338	0.339815

0.734761	0.339029

0.734183	0.338243

0.733604	0.337457

0.733024	0.336672

0.732443	0.335888

0.731861	0.335103

0.731278	0.334319

0.730694	0.333535

0.730109	0.332751

0.729523	0.331968

0.728936	0.331185

0.728349	0.330403

0.72776	0.32962

0.72717	0.328838

0.72658	0.328057

0.725988	0.327276

0.725396	0.326495

0.724802	0.325714

0.724208	0.324934

0.723613	0.324154

0.723016	0.323374

0.722419	0.322595

0.721821	0.321816

0.721221	0.321037

0.720621	0.320259

0.72002	0.319481

0.719418	0.318704

0.718815	0.317927

0.718211	0.31715

0.717606	0.316373

0.717	0.315597

0.716393	0.314821

0.715785	0.314046

0.715176	0.313271

0.714566	0.312496

0.713955	0.311721

0.713344	0.310947

0.712731	0.310174

0.712117	0.3094

0.711502	0.308628

0.710887	0.307855

0.71027	0.307083

0.709652	0.306311

0.709034	0.305539

0.708414	0.304768

0.707794	0.303998

0.707172	0.303227

0.70655	0.302457

0.705926	0.301688

0.705302	0.300919

0.704676	0.30015

0.70405	0.299381

0.703422	0.298613

0.702794	0.297846

0.702165	0.297078

0.701534	0.296311

0.700903	0.295545

0.700271	0.294779

0.699637	0.294013

0.699003	0.293248

0.698368	0.292483

0.697732	0.291718

0.697094	0.290954

0.696456	0.29019

0.695817	0.289427

0.695177	0.288664

0.694535	0.287901

0.693893	0.287139

0.69325	0.286378

0.692606	0.285616

0.691961	0.284855

0.691315	0.284095

0.690668	0.283335

0.690019	0.282575

0.68937	0.281816

0.68872	0.281057

0.688069	0.280299

0.687417	0.279541

0.686764	0.278783

0.68611	0.278026

0.685455	0.27727

0.684799	0.276513

0.684142	0.275757

0.683484	0.275002

0.682825	0.274247

0.682165	0.273493

0.681504	0.272739

0.680841	0.271985

0.680178	0.271232

0.679514	0.270479

0.678849	0.269727

0.678183	0.268975

0.677516	0.268223

0.676848	0.267472

0.676179	0.266722

0.675509	0.265972

0.674838	0.265222

0.674166	0.264473

0.673493	0.263724

0.672819	0.262976

0.672144	0.262228

0.671468	0.261481

0.670791	0.260734

0.670113	0.259988

0.669434	0.259241

0.668754	0.258495

0.668074	0.25775

0.667392	0.257005

0.66671	0.25626

0.666026	0.255516

0.665342	0.254772

0.664657	0.254028

0.66397	0.253285

0.663283	0.252542

0.662595	0.251799

0.661906	0.251057

0.661216	0.250315

0.660525	0.249574

0.659834	0.248833

0.659141	0.248092

0.658447	0.247352

0.657753	0.246612

0.657057	0.245873

0.656361	0.245134

0.655663	0.244395

0.654965	0.243657

0.654266	0.242919

0.653566	0.242182

0.652864	0.241445

0.652162	0.240708

0.651459	0.239972

0.650755	0.239237

0.65005	0.238501

0.649344	0.237766

0.648638	0.237032

0.64793	0.236298

0.647221	0.235564

0.646511	0.234831

0.645801	0.234099

0.645089	0.233366

0.644376	0.232634

0.643663	0.231903

0.642948	0.231172

0.642233	0.230442

0.641516	0.229712

0.640799	0.228982

0.640081	0.228253

0.639361	0.227524

0.638641	0.226796

0.63792	0.226068

0.637197	0.225341

0.636474	0.224614

0.63575	0.223888

0.635025	0.223162

0.634299	0.222437

0.633571	0.221712

0.632843	0.220988

0.632114	0.220264

0.631384	0.21954

0.630653	0.218817

0.629921	0.218095

0.629188	0.217373

0.628454	0.216652

0.627719	0.215931

0.626983	0.21521

0.626246	0.21449

0.625508	0.213771

0.624769	0.213052

0.624029	0.212334

0.623288	0.211616

0.622547	0.210898

0.621804	0.210182

0.62106	0.209465

0.620315	0.20875

0.619569	0.208034

0.618822	0.20732

0.618074	0.206606

0.617325	0.205892

0.616575	0.205179

0.615825	0.204466

0.615073	0.203754

0.61432	0.203043

0.613566	0.202332

0.612811	0.201622

0.612055	0.200912

0.611298	0.200203

0.61054	0.199494

0.609781	0.198786

0.609021	0.198079

0.60826	0.197372

0.607498	0.196666

0.606735	0.19596

0.605971	0.195255

0.605206	0.19455

0.60444	0.193846

0.603673	0.193143

0.602905	0.19244

0.602136	0.191738

0.601366	0.191036

0.600595	0.190335

0.599823	0.189635

0.599049	0.188935

0.598275	0.188236

0.5975	0.187538

0.596724	0.18684

0.595947	0.186143

0.595168	0.185446

0.594389	0.184749

0.593609	0.184053

0.592829	0.183357

0.592047	0.182662

0.591265	0.181967

0.590481	0.181273

0.589697	0.180579

0.588912	0.179885

0.588126	0.179192

0.587339	0.178499

0.586551	0.177806

0.585763	0.177114

0.584973	0.176423

0.584183	0.175731

0.583392	0.175041

0.5826	0.17435

0.581806	0.173661

0.581012	0.172971

0.580218	0.172282

0.579422	0.171594

0.578625	0.170906

0.577828	0.170218

0.577029	0.169531

0.57623	0.168845

0.575429	0.168159

0.574628	0.167473

0.573826	0.166788

0.573023	0.166104

0.572219	0.165419

0.571414	0.164736

0.570608	0.164053

0.569801	0.16337

0.568993	0.162688

0.568185	0.162007

0.567375	0.161326

0.566564	0.160646

0.565753	0.159966

0.56494	0.159287

0.564127	0.158608

0.563312	0.15793

0.562497	0.157252

0.561681	0.156575

0.560863	0.155899

0.560045	0.155223

0.559226	0.154548

0.558405	0.153873

0.557584	0.153199

0.556762	0.152526

0.555939	0.151853

0.555115	0.151181

0.55429	0.15051

0.553464	0.149839

0.552637	0.149168

0.551808	0.148499

0.550979	0.14783

0.550149	0.147161

0.549318	0.146494

0.548486	0.145827

0.547653	0.14516

0.546819	0.144495

0.545984	0.14383

0.545148	0.143165

0.544311	0.142502

0.543473	0.141839

0.542633	0.141177

0.541793	0.140515

0.540952	0.139854

0.54011	0.139194

0.539267	0.138535

0.538422	0.137876

0.537577	0.137218

0.536731	0.136561

0.535883	0.135905

0.535035	0.135249

0.534185	0.134594

0.533335	0.13394

0.532483	0.133287

0.531631	0.132634

0.530777	0.131982

0.529922	0.131331

0.529067	0.130681

0.52821	0.130032

0.527352	0.129383

0.526493	0.128735

0.525633	0.128088

0.524772	0.127442

0.52391	0.126797

0.523047	0.126152

0.522183	0.125509

0.521317	0.124866

0.520451	0.124224

0.519583	0.123583

0.518715	0.122943

0.517845	0.122303

0.516974	0.121665

0.516103	0.121027

0.51523	0.12039

0.514356	0.119755

0.513481	0.11912

0.512605	0.118485

0.511728	0.117851

0.510851	0.117217

0.509973	0.116584

0.509094	0.115951

0.508214	0.115318

0.507334	0.114685

0.506453	0.114053

0.505571	0.113421

0.504689	0.112789

0.503805	0.112158

0.502921	0.111527

0.502036	0.110897

0.50115	0.110267

0.500264	0.109637

0.499376	0.109008

0.498488	0.108379

0.497599	0.107751

0.49671	0.107123

0.495819	0.106496

0.494927	0.105869

0.494035	0.105243

0.493142	0.104617

0.492248	0.103992

0.491353	0.103367

0.490457	0.102743

0.48956	0.102119

0.488663	0.101496

0.487764	0.100874

0.486865	0.100252

0.485965	0.0996304

0.485064	0.0990098

0.484162	0.0983898

0.483259	0.0977705

0.482355	0.0971519

0.48145	0.0965339

0.480544	0.0959167

0.479637	0.0953001

0.478729	0.0946843

0.477821	0.0940691

0.476911	0.0934548

0.476	0.0928412

0.475089	0.0922284

0.474176	0.0916163

0.473263	0.0910051

0.472348	0.0903946

0.471432	0.089785

0.470516	0.0891763

0.469598	0.0885684

0.468679	0.0879613

0.46776	0.0873552

0.466839	0.0867499

0.465917	0.0861456

0.464994	0.0855421

0.46407	0.0849396

0.463145	0.0843381

0.462219	0.0837375

0.461292	0.0831379

0.460364	0.0825393

0.459435	0.0819417

0.458505	0.0813451

0.457573	0.0807495

0.456641	0.080155

0.455707	0.0795616

0.454772	0.0789692

0.453836	0.0783779

0.452899	0.0777878

0.451961	0.0771987

0.451022	0.0766108

0.450081	0.076024

0.44914	0.0754384

0.448197	0.074854

0.447253	0.0742707

0.446308	0.0736887

0.445362	0.0731079

0.444414	0.0725283

0.443466	0.0719499

0.442516	0.0713729

0.441565	0.0707971

0.440613	0.0702226

0.43966	0.0696494

0.438705	0.0690776

0.437749	0.068507

0.436792	0.0679379

0.435834	0.0673701

0.434875	0.0668037

0.433914	0.0662387

0.432952	0.0656751

0.431989	0.0651129

0.431024	0.0645522

0.430059	0.0639929

0.429092	0.0634351

0.428123	0.0628788

0.427154	0.0623241

0.426183	0.0617708

0.425211	0.0612191

0.424238	0.0606688

0.423264	0.0601192

0.422289	0.0595699

0.421313	0.0590209

0.420337	0.0584724

0.41936	0.0579242

0.418383	0.0573765

0.417404	0.0568292

0.416425	0.0562823

0.415446	0.0557358

0.414465	0.0551898

0.413484	0.0546443

0.412502	0.0540992

0.411519	0.0535546

0.410536	0.0530106

0.409552	0.052467

0.408567	0.051924

0.407581	0.0513814

0.406595	0.0508395

0.405608	0.0502981

0.40462	0.0497572

0.403631	0.049217

0.402641	0.0486773

0.401651	0.0481382

0.400659	0.0475998

0.399667	0.047062

0.398675	0.0465248

0.397681	0.0459883

0.396687	0.0454524

0.395691	0.0449173

0.394695	0.0443828

0.393698	0.043849

0.3927	0.0433159

0.391702	0.0427836

0.390702	0.042252

0.389702	0.0417211

0.3887	0.0411911

0.387698	0.0406617

0.386695	0.0401332

0.385691	0.0396055

0.384687	0.0390786

0.383681	0.0385525

0.382674	0.0380273

0.381667	0.0375029

0.380658	0.0369794

0.379649	0.0364568

0.378639	0.035935

0.377628	0.0354142

0.376616	0.0348942

0.375603	0.0343753

0.374589	0.0338572

0.373574	0.0333401

0.372558	0.032824

0.371541	0.0323088

0.370523	0.0317947

0.369505	0.0312816

0.368485	0.0307694

0.367464	0.0302584

0.366443	0.0297483

0.36542	0.0292393

0.364397	0.0287314

0.363372	0.0282246

0.362346	0.0277189

0.36132	0.0272143

0.360292	0.0267109

0.359264	0.0262086

0.358234	0.0257074

0.357204	0.0252074

0.356172	0.0247086

0.355139	0.024211

0.354105	0.0237146

0.353071	0.0232194

0.352035	0.0227255

0.350998	0.0222328

0.34996	0.0217414

0.348921	0.0212512

0.347881	0.0207624

0.34684	0.0202749

0.345798	0.0197887

0.344755	0.0193038

0.343711	0.0188203

0.342665	0.0183381

0.341619	0.0178573

0.340571	0.0173779

0.339523	0.0169

0.338473	0.0164234

0.337422	0.0159483

0.33637	0.0154746

0.335317	0.0150024

0.334263	0.0145317

0.333208	0.0140624

0.332151	0.0135947

0.331094	0.0131285

0.330035	0.0126639

0.328975	0.0122008

0.327914	0.0117394

0.326852	0.0112797

0.325789	0.0108217

0.324724	0.0103652

0.323658	0.00991042

0.322592	0.00945718

0.321524	0.0090055

0.320455	0.00855534

0.319384	0.00810669

0.318313	0.00765952

0.317241	0.00721381

0.316168	0.00676953

0.315093	0.00632666

0.314018	0.00588517

0.312941	0.00544505

0.311864	0.00500626

0.310785	0.00456878

0.309706	0.00413258

0.308626	0.00369764

0.307544	0.00326394

0.306462	0.00283144

0.305379	0.00240013

0.304294	0.00196998

0.303209	0.00154097

0.302123	0.00111306

0.301037	0.00068623

0.299949	0.000260459

0.29886	-0.000164281

0.297771	-0.000588016

0.29668	-0.00101077

0.295589	-0.00143258

0.294497	-0.00185345

0.293405	-0.00227343

0.292311	-0.00269253

0.291217	-0.00311078

0.290122	-0.00352821

0.289026	-0.00394484

0.287929	-0.00436071

0.286832	-0.00477583

0.285734	-0.00519024

0.284635	-0.00560396

0.283536	-0.00601701

0.282436	-0.00642943

0.281335	-0.00684125

0.280233	-0.00725252

0.279131	-0.00766198

0.278027	-0.00806877

0.276921	-0.00847287

0.275814	-0.00887433

0.274705	-0.00927318

0.273595	-0.00966947

0.272484	-0.0100632

0.271371	-0.0104545

0.270257	-0.0108434

0.269141	-0.0112298

0.268024	-0.011614

0.266906	-0.0119957

0.265786	-0.0123753

0.264665	-0.0127526

0.263543	-0.0131277

0.262419	-0.0135006

0.261295	-0.0138715

0.260169	-0.0142403

0.259042	-0.0146071

0.257914	-0.014972

0.256784	-0.0153349

0.255654	-0.0156959

0.254522	-0.0160551

0.253389	-0.0164124

0.252256	-0.016768

0.251121	-0.017122

0.249985	-0.0174742

0.248848	-0.0178248

0.24771	-0.0181739

0.246572	-0.0185214

0.245432	-0.0188674

0.244291	-0.019212

0.24315	-0.0195552

0.242007	-0.019897

0.240864	-0.0202375

0.239719	-0.0205768

0.238574	-0.0209148

0.237428	-0.0212517

0.236282	-0.0215874

0.235134	-0.021922

0.233986	-0.0222556

0.232837	-0.0225883

0.231687	-0.0229199

0.230537	-0.0232507

0.229386	-0.0235806

0.228233	-0.0239088

0.22708	-0.0242342

0.225925	-0.0245569

0.224769	-0.024877

0.223611	-0.0251943

0.222452	-0.025509

0.221291	-0.025821

0.22013	-0.0261304

0.218967	-0.0264373

0.217802	-0.0267415

0.216637	-0.0270432

0.21547	-0.0273424

0.214301	-0.027639

0.213132	-0.0279332

0.211961	-0.0282249

0.210789	-0.0285141

0.209616	-0.028801

0.208442	-0.0290854

0.207266	-0.0293674

0.206089	-0.0296471

0.204911	-0.0299244

0.203732	-0.0301994

0.202552	-0.0304722

0.20137	-0.0307426

0.200187	-0.0310108

0.199004	-0.0312768

0.197819	-0.0315405

0.196633	-0.0318021

0.195446	-0.0320615

0.194258	-0.0323188

0.193068	-0.0325739

0.191878	-0.032827

0.190687	-0.033078

0.189494	-0.0333269

0.188301	-0.0335738

0.187106	-0.0338187

0.185911	-0.0340616

0.184714	-0.0343026

0.183517	-0.0345416

0.182318	-0.0347787

0.181119	-0.0350139

0.179919	-0.0352473

0.178717	-0.0354788

0.177515	-0.0357085

0.176312	-0.035936

0.175107	-0.03616

0.1739	-0.0363804

0.172692	-0.0365971

0.171483	-0.0368102

0.170272	-0.0370198

0.169059	-0.0372257

0.167845	-0.0374281

0.16663	-0.037627

0.165413	-0.0378225

0.164194	-0.0380145

0.162974	-0.038203

0.161753	-0.0383882

0.16053	-0.03857

0.159306	-0.0387485

0.15808	-0.0389237

0.156853	-0.0390955

0.155625	-0.0392642

0.154396	-0.0394296

0.153165	-0.0395918

0.151932	-0.0397508

0.150699	-0.0399067

0.149464	-0.0400595

0.148228	-0.0402093

0.14699	-0.0403559

0.145752	-0.0404996

0.144512	-0.0406402

0.143271	-0.0407779

0.142028	-0.0409127

0.140785	-0.0410445

0.13954	-0.0411735

0.138294	-0.0412996

0.137047	-0.041423

0.135799	-0.0415435

0.13455	-0.0416613

0.1333	-0.0417763

0.132048	-0.0418887

0.130796	-0.0419984

0.129542	-0.0421055

0.128287	-0.0422099

0.127032	-0.0423118

0.125775	-0.0424112

0.124517	-0.042508

0.123258	-0.0426023

0.121998	-0.0426929

0.120736	-0.0427768

0.119471	-0.042854

0.118203	-0.0429247

0.116934	-0.0429891

0.115662	-0.0430471

0.114389	-0.0430989

0.113113	-0.0431446

0.111835	-0.0431843

0.110555	-0.0432182

0.109273	-0.0432462

0.107989	-0.0432687

0.106703	-0.0432855

0.105415	-0.0432969

0.104126	-0.0433029

0.102835	-0.0433038

0.101542	-0.0432995

0.100247	-0.0432902

0.0989506	-0.0432759

0.0976526	-0.0432569

0.0963531	-0.0432332

0.095052	-0.0432049

0.0937494	-0.0431718

0.0924449	-0.0431332

0.0911387	-0.0430891

0.0898306	-0.0430392

0.0885204	-0.0429831

0.0872083	-0.0429207

0.085894	-0.0428516

0.0845775	-0.0427756

0.0832588	-0.0426925

0.0819378	-0.0426019

0.0806143	-0.0425036

0.0792884	-0.0423973

0.0779599	-0.0422829

0.0766289	-0.0421599

0.0752951	-0.0420281

0.0739586	-0.0418873

0.0726193	-0.0417372

0.0712771	-0.0415776

0.0699319	-0.041408

0.0685837	-0.0412284

0.0672324	-0.0410383

0.0658781	-0.040838

0.0645209	-0.0406279

0.0631608	-0.0404079

0.0617976	-0.0401773

0.0604312	-0.0399358

0.0590615	-0.0396828

0.0576884	-0.0394178

0.0563116	-0.0391404

0.0549312	-0.0388499

0.0535469	-0.038546

0.0521586	-0.0382281

0.0507662	-0.0378958

0.0493696	-0.0375484

0.0479686	-0.0371856

0.0465632	-0.0368068

0.0451532	-0.0364115

0.0437384	-0.0359993

0.0423188	-0.0355695

0.0408942	-0.0351217

0.0394645	-0.0346554

0.0380297	-0.0341703

0.0365889	-0.0336636

0.0351365	-0.0331154

0.0336703	-0.0325178

0.0321916	-0.0318755

0.0307017	-0.0311924

0.0292019	-0.030473

0.0276934	-0.0297215

0.0261776	-0.0289422

0.0246556	-0.0281392

0.0231287	-0.0273167

0.0215749	-0.0263971

0.0202156	-0.0261613

0.0189652	-0.0263105

0.0176236	-0.0261378

0.0161786	-0.0255985

0.0146508	-0.0247637

0.0130223	-0.0235681

0.0112675	-0.0219183

0.00936161	-0.0197233

0.00723262	-0.0167222

0.00471	-0.0122991

0	0

-0.00233227	0.0129619

-0.00247854	0.0180488

-0.00223257	0.0217144

-0.00176487	0.0245747

-0.00114745	0.0268907

-0.000405117	0.0287533

0.000436532	0.0302558

0.00135959	0.0314638

0.00238463	0.0323059

0.00349953	0.032827

0.00450411	0.0337339

0.00531282	0.0353254

0.00614707	0.0368206

0.00698486	0.0382972

0.0078274	0.0397509

0.00867594	0.0411777

0.00953174	0.0425731

0.0103961	0.043933

0.0112702	0.045253

0.0121554	0.0465291

0.0130531	0.0477567

0.0139611	0.0489434

0.0148735	0.0501095

0.0157898	0.0512576

0.0167097	0.052388

0.0176333	0.0535013

0.0185603	0.0545978

0.0194907	0.0556782

0.0204243	0.0567429

0.0213609	0.0577925

0.0223006	0.0588273

0.0232431	0.0598481

0.0241883	0.0608552

0.0251361	0.0618491

0.0260864	0.0628304

0.0270389	0.0637996

0.0279938	0.064757

0.0289506	0.0657034

0.0299095	0.066639

0.0308701	0.0675646

0.0318324	0.0684804

0.0327963	0.0693871

0.0337616	0.0702849

0.0347286	0.0711732

0.0356973	0.0720519

0.0366676	0.0729213

0.0376396	0.0737817

0.038613	0.0746334

0.0395878	0.0754766

0.0405641	0.0763115

0.0415416	0.0771385

0.0425204	0.0779578

0.0435003	0.0787698

0.0444813	0.0795745

0.0454633	0.0803724

0.0464463	0.0811637

0.0474301	0.0819487

0.0484148	0.0827276

0.0494002	0.0835006

0.0503862	0.0842681

0.0513728	0.0850303

0.05236	0.0857875

0.0533476	0.0865399

0.0543355	0.0872878

0.0553237	0.0880316

0.0563121	0.0887717

0.0573006	0.0895079

0.0582894	0.0902402

0.0592784	0.0909683

0.0602677	0.0916923

0.0612574	0.0924119

0.0622475	0.0931272

0.063238	0.0938379

0.064229	0.0945441

0.0652205	0.0952454

0.0662125	0.095942

0.0672052	0.0966335

0.0681985	0.0973201

0.0691925	0.0980014

0.0701872	0.0986775

0.0711827	0.0993482

0.072179	0.100013

0.0731762	0.100673

0.0741743	0.101327

0.0751733	0.101975

0.0761733	0.102617

0.0771733	0.103257

0.078173	0.103894

0.0791723	0.10453

0.0801713	0.105165

0.0811699	0.105797

0.0821682	0.106428

0.0831662	0.107057

0.0841639	0.107684

0.0851613	0.108309

0.0861584	0.108932

0.0871553	0.109554

0.0881519	0.110173

0.0891483	0.11079

0.0901445	0.111406

0.0911405	0.112019

0.0921363	0.11263

0.0931319	0.113239

0.0941274	0.113846

0.0951227	0.114451

0.0961178	0.115054

0.0971129	0.115654

0.0981078	0.116252

0.0991026	0.116848

0.100097	0.117442

0.101092	0.118033

0.102087	0.118622

0.103081	0.119208

0.104076	0.119792

0.10507	0.120374

0.106065	0.120953

0.10706	0.12153

0.108054	0.122104

0.109049	0.122675

0.110044	0.123244

0.111038	0.12381

0.112033	0.124374

0.113028	0.124934

0.114023	0.125493

0.115019	0.126048

0.116014	0.126601

0.11701	0.127151

0.118005	0.127698

0.119001	0.128242

0.119997	0.128783

0.120993	0.129323

0.121988	0.129863

0.122983	0.130401

0.123978	0.130938

0.124972	0.131474

0.125965	0.132009

0.126958	0.132543

0.127951	0.133076

0.128944	0.133607

0.129936	0.134138

0.130928	0.134667

0.131919	0.135195

0.13291	0.135721

0.133901	0.136247

0.134891	0.136771

0.135881	0.137294

0.136871	0.137815

0.137861	0.138335

0.13885	0.138854

0.139839	0.139371

0.140828	0.139887

0.141817	0.140402

0.142805	0.140915

0.143793	0.141426

0.144781	0.141936

0.145769	0.142445

0.146757	0.142951

0.147744	0.143457

0.148732	0.14396

0.149719	0.144462

0.150706	0.144963

0.151693	0.145462

0.15268	0.145959

0.153666	0.146454

0.154653	0.146948

0.155639	0.147439

0.156626	0.14793

0.157612	0.148418

0.158599	0.148904

0.159585	0.149389

0.160571	0.149872

0.161558	0.150353

0.162544	0.150832

0.163531	0.151309

0.164517	0.151785

0.165502	0.152261

0.166487	0.152737

0.167471	0.153213

0.168454	0.153689

0.169437	0.154165

0.170419	0.15464

0.1714	0.155115

0.172381	0.15559

0.173362	0.156064

0.174342	0.156538

0.175321	0.157011

0.1763	0.157484

0.177279	0.157956

0.178257	0.158428

0.179234	0.158898

0.180212	0.159369

0.181189	0.159838

0.182165	0.160307

0.183141	0.160775

0.184117	0.161242

0.185092	0.161708

0.186067	0.162173

0.187042	0.162637

0.188017	0.1631

0.188991	0.163561

0.189965	0.164022

0.190939	0.164482

0.191913	0.16494

0.192887	0.165397

0.19386	0.165853

0.194834	0.166307

0.195807	0.16676

0.19678	0.167211

0.197753	0.167661

0.198727	0.16811

0.1997	0.168557

0.200673	0.169002

0.201646	0.169446

0.202619	0.169887

0.203592	0.170328

0.204566	0.170766

0.205539	0.171203

0.206513	0.171637

0.207486	0.17207

0.20846	0.172502

0.209433	0.172934

0.210405	0.173367

0.211376	0.173799

0.212347	0.174232

0.213317	0.174665

0.214286	0.175098

0.215255	0.175531

0.216223	0.175964

0.21719	0.176397

0.218157	0.17683

0.219123	0.177263

0.220089	0.177696

0.221054	0.178129

0.222018	0.178562

0.222982	0.178995

0.223946	0.179427

0.224909	0.17986

0.225871	0.180292

0.226833	0.180724

0.227794	0.181156

0.228755	0.181587

0.229715	0.182018

0.230675	0.182449

0.231635	0.182879

0.232594	0.183309

0.233552	0.183739

0.23451	0.184168

0.235468	0.184597

0.236426	0.185025

0.237383	0.185453

0.238339	0.18588

0.239296	0.186306

0.240251	0.186732

0.241207	0.187158

0.242162	0.187583

0.243118	0.188007

0.244072	0.18843

0.245027	0.188853

0.245981	0.189275

0.246935	0.189696

0.247889	0.190117

0.248842	0.190536

0.249795	0.190955

0.250749	0.191373

0.251701	0.19179

0.252654	0.192207

0.253607	0.192622

0.254559	0.193037

0.255511	0.193451

0.256462	0.193865

0.257414	0.194278

0.258365	0.19469

0.259316	0.195102

0.260266	0.195513

0.261216	0.195923

0.262166	0.196333

0.263116	0.196742

0.264066	0.197151

0.265015	0.197559

0.265963	0.197967

0.266912	0.198374

0.26786	0.198781

0.268808	0.199187

0.269755	0.199593

0.270703	0.199998

0.271649	0.200403

0.272596	0.200807

0.273542	0.201211

0.274488	0.201615

0.275434	0.202018

0.276379	0.20242

0.277323	0.202823

0.278268	0.203225

0.279212	0.203627

0.280156	0.204028

0.281099	0.204429

0.282042	0.20483

0.282984	0.205231

0.283926	0.205631

0.284868	0.206031

0.28581	0.206431

0.28675	0.20683

0.287691	0.20723

0.288631	0.207629

0.289571	0.208028

0.29051	0.208427

0.291449	0.208825

0.292387	0.209224

0.293325	0.209622

0.294263	0.21002

0.2952	0.210418

0.296136	0.210816

0.297073	0.211214

0.298008	0.211612

0.298943	0.21201

0.299878	0.212408

0.300812	0.212806

0.301746	0.213203

0.30268	0.213601

0.303612	0.213999

0.304545	0.214397

0.305476	0.214794

0.306408	0.215192

0.307338	0.21559

0.308269	0.215988

0.309198	0.216386

0.310128	0.216784

0.311056	0.217183

0.311984	0.217581

0.312912	0.21798

0.313839	0.218378

0.314765	0.218777

0.315691	0.219176

0.316617	0.219575

0.317541	0.219975

0.318465	0.220374

0.319389	0.220774

0.320312	0.221174

0.321234	0.221574

0.322156	0.221975

0.323077	0.222375

0.323998	0.222777

0.324918	0.223178

0.325837	0.22358

0.326756	0.223981

0.327674	0.224384

0.328592	0.224786

0.329508	0.225189

0.330424	0.225593

0.33134	0.225996

0.332255	0.2264

0.333169	0.226805

0.334082	0.22721

0.334995	0.227615

0.335907	0.228021

0.336819	0.228427

0.33773	0.228834

0.33864	0.229241

0.339549	0.229648

0.340458	0.230055

0.341368	0.230461

0.342277	0.230866

0.343186	0.23127

0.344095	0.231674

0.345003	0.232078

0.345912	0.23248

0.346821	0.232882

0.347729	0.233284

0.348637	0.233684

0.349545	0.234085

0.350453	0.234484

0.351361	0.234883

0.352269	0.235282

0.353176	0.23568

0.354083	0.236078

0.35499	0.236475

0.355897	0.236871

0.356804	0.237267

0.357711	0.237663

0.358617	0.238058

0.359523	0.238453

0.360429	0.238848

0.361335	0.239242

0.36224	0.239635

0.363145	0.240029

0.36405	0.240422

0.364955	0.240814

0.36586	0.241207

0.366764	0.241599

0.367668	0.241991

0.368572	0.242382

0.369475	0.242774

0.370378	0.243165

0.371281	0.243555

0.372184	0.243946

0.373086	0.244336

0.373988	0.244727

0.37489	0.245117

0.375792	0.245507

0.376693	0.245896

0.377594	0.246286

0.378494	0.246676

0.379394	0.247065

0.380294	0.247454

0.381193	0.247844

0.382093	0.248233

0.382991	0.248622

0.38389	0.249011

0.384788	0.2494

0.385685	0.249789

0.386583	0.250179

0.38748	0.250568

0.388376	0.250957

0.389272	0.251346

0.390168	0.251735

0.391063	0.252125

0.391958	0.252514

0.392852	0.252904

0.393746	0.253294

0.39464	0.253683

0.395533	0.254073

0.396426	0.254463

0.397318	0.254854

0.39821	0.255244

0.399101	0.255635

0.399992	0.256026

0.400882	0.256417

0.401772	0.256808

0.402661	0.2572

0.40355	0.257591

0.404438	0.257984

0.405326	0.258376

0.406213	0.258769

0.4071	0.259162

0.407986	0.259555

0.408872	0.259948

0.409757	0.260342

0.410642	0.260737

0.411526	0.261131

0.412409	0.261526

0.413292	0.261922

0.414174	0.262318

0.415056	0.262714

0.415937	0.263111

0.416818	0.263508

0.417697	0.263906

0.418577	0.264304

0.419455	0.264702

0.420333	0.265101

0.421211	0.265501

0.422088	0.265901

0.422964	0.266301

0.423839	0.266702

0.424714	0.267104

0.425588	0.267506

0.426462	0.267909

0.427335	0.268311

0.428208	0.268714

0.429081	0.269116

0.429953	0.269518

0.430825	0.26992

0.431697	0.270323

0.432568	0.270725

0.43344	0.271127

0.43431	0.271529

0.435181	0.271931

0.436051	0.272333

0.436921	0.272735

0.437791	0.273137

0.43866	0.273539

0.439529	0.27394

0.440398	0.274342

0.441266	0.274744

0.442134	0.275146

0.443002	0.275548

0.443869	0.275951

0.444736	0.276353

0.445603	0.276755

0.44647	0.277157

0.447336	0.277559

0.448201	0.277962

0.449067	0.278364

0.449932	0.278767

0.450796	0.279169

0.451661	0.279572

0.452524	0.279975

0.453388	0.280377

0.454251	0.28078

0.455114	0.281183

0.455977	0.281587

0.456839	0.28199

0.457701	0.282393

0.458562	0.282797

0.459423	0.283201

0.460284	0.283604

0.461144	0.284008

0.462004	0.284413

0.462863	0.284817

0.463722	0.285221

0.464581	0.285626

0.46544	0.286031

0.466298	0.286436

0.467155	0.286841

0.468012	0.287246

0.468869	0.287652

0.469725	0.288058

0.470581	0.288464

0.471437	0.28887

0.472292	0.289276

0.473147	0.289683

0.474001	0.29009

0.474855	0.290497

0.475709	0.290904

0.476562	0.291312

0.477414	0.29172

0.478267	0.292128

0.479118	0.292536

0.47997	0.292945

0.480821	0.293354

0.481671	0.293763

0.482521	0.294173

0.483371	0.294582

0.48422	0.294993

0.485069	0.295403

0.485917	0.295814

0.486765	0.296225

0.487612	0.296636

0.488459	0.297048

0.489306	0.297459

0.490152	0.297872

0.490997	0.298284

0.491842	0.298697

0.492687	0.299111

0.493531	0.299524

0.494375	0.299938

0.495218	0.300353

0.496061	0.300767

0.496903	0.301182

0.497745	0.301598

0.498586	0.302014

0.499427	0.30243

0.500267	0.302846

0.501107	0.303263

0.501946	0.303681

0.502785	0.304099

0.503623	0.304517

0.504461	0.304935

0.505298	0.305354

0.506135	0.305774

0.506971	0.306194

0.507807	0.306614

0.508642	0.307035

0.509477	0.307456

0.510311	0.307878

0.511144	0.3083

0.511978	0.308722

0.51281	0.309145

0.513643	0.309568

0.514475	0.309991

0.515306	0.310414

0.516138	0.310838

0.516969	0.311261

0.517799	0.311685

0.51863	0.312109

0.519459	0.312534

0.520289	0.312958

0.521118	0.313383

0.521947	0.313808

0.522775	0.314233

0.523603	0.314659

0.524431	0.315085

0.525258	0.315511

0.526085	0.315937

0.526912	0.316364

0.527738	0.31679

0.528564	0.317217

0.529389	0.317645

0.530214	0.318072

0.531039	0.3185

0.531864	0.318928

0.532687	0.319357

0.533511	0.319785

0.534334	0.320214

0.535157	0.320643

0.535979	0.321073

0.536801	0.321502

0.537623	0.321932

0.538444	0.322363

0.539265	0.322793

0.540086	0.323224

0.540906	0.323656

0.541726	0.324087

0.542545	0.324519

0.543364	0.324951

0.544182	0.325383

0.545001	0.325816

0.545818	0.326249

0.546636	0.326683

0.547453	0.327116

0.548269	0.32755

0.549085	0.327985

0.549901	0.328419

0.550716	0.328854

0.551531	0.32929

0.552346	0.329725

0.55316	0.330161

0.553974	0.330598

0.554787	0.331034

0.5556	0.331471

0.556413	0.331909

0.557225	0.332347

0.558036	0.332785

0.558848	0.333223

0.559659	0.333662

0.560469	0.334101

0.561279	0.334541

0.562089	0.334981

0.562898	0.335421

0.563707	0.335862

0.564515	0.336303

0.565323	0.336744

0.56613	0.337186

0.566938	0.337628

0.567744	0.338071

0.56855	0.338514

0.569356	0.338957

0.570162	0.339401

0.570967	0.339845

0.571771	0.340289

0.572575	0.340734

0.573379	0.34118

0.574182	0.341625

0.574985	0.342072

0.575787	0.342518

0.576589	0.342965

0.577391	0.343412

0.578192	0.34386

0.578992	0.344308

0.579792	0.344757

0.580592	0.345206

0.581391	0.345656

0.58219	0.346106

0.582988	0.346556

0.583786	0.347007

0.584584	0.347458

0.585381	0.34791

0.586177	0.348362

0.586973	0.348814

0.587769	0.349267

0.588564	0.349721

0.589359	0.350175

0.590153	0.350629

0.590947	0.351084

0.59174	0.351539

0.592533	0.351995

0.593326	0.352451

0.594117	0.352908

0.594909	0.353365

0.5957	0.353822

0.59649	0.35428

0.597281	0.354739

0.59807	0.355198

0.59886	0.355657

0.599649	0.356116

0.600438	0.356576

0.601226	0.357036

0.602014	0.357497

0.602801	0.357958

0.603588	0.358419

0.604375	0.358881

0.605161	0.359343

0.605947	0.359805

0.606733	0.360268

0.607518	0.360731

0.608303	0.361195

0.609088	0.361659

0.609872	0.362123

0.610655	0.362588

0.611439	0.363053

0.612221	0.363519

0.613004	0.363985

0.613786	0.364451

0.614568	0.364918

0.615349	0.365385

0.61613	0.365853

0.616911	0.366321

0.617691	0.366789

0.618471	0.367258

0.61925	0.367727

0.620029	0.368196

0.620808	0.368666

0.621586	0.369137

0.622364	0.369608

0.623141	0.370079

0.623918	0.37055

0.624695	0.371022

0.625471	0.371495

0.626247	0.371968

0.627022	0.372441

0.627797	0.372915

0.628572	0.373389

0.629346	0.373864

0.63012	0.374339

0.630894	0.374814

0.631667	0.37529

0.632439	0.375766

0.633212	0.376243

0.633983	0.37672

0.634755	0.377198

0.635526	0.377676

0.636297	0.378154

0.637067	0.378633

0.637837	0.379113

0.638606	0.379592

0.639375	0.380073

0.640144	0.380553

0.640912	0.381035

0.64168	0.381516

0.642447	0.381998

0.643214	0.382481

0.643981	0.382964

0.644747	0.383447

0.645513	0.383931

0.646278	0.384416

0.647043	0.3849

0.647808	0.385386

0.648572	0.385871

0.649336	0.386358

0.650099	0.386844

0.650862	0.387332

0.651624	0.387819

0.652386	0.388307

0.653148	0.388796

0.653909	0.389285

0.65467	0.389774

0.65543	0.390264

0.65619	0.390755

0.65695	0.391246

0.657709	0.391737

0.658468	0.392229

0.659226	0.392722

0.659984	0.393215

0.660741	0.393708

0.661498	0.394202

0.662255	0.394696

0.663011	0.395191

0.663767	0.395686

0.664522	0.396182

0.665277	0.396679

0.666032	0.397175

0.666786	0.397673

0.667539	0.398171

0.668292	0.398669

0.669045	0.399168

0.669797	0.399667

0.670549	0.400167

0.671301	0.400667

0.672052	0.401168

0.672802	0.40167

0.673553	0.402172

0.674302	0.402674

0.675052	0.403177

0.675801	0.40368

0.676549	0.404184

0.677297	0.404689

0.678045	0.405194

0.678792	0.405699

0.679538	0.406205

0.680285	0.406712

0.681031	0.407219

0.681776	0.407726

0.682521	0.408234

0.683266	0.408742

0.68401	0.409251

0.684754	0.40976

0.685498	0.41027

0.686241	0.41078

0.686984	0.411291

0.687727	0.411802

0.688469	0.412314

0.689211	0.412826

0.689952	0.413339

0.690693	0.413852

0.691434	0.414365

0.692174	0.414879

0.692914	0.415394

0.693653	0.415909

0.694392	0.416424

0.695131	0.41694

0.695869	0.417457

0.696607	0.417973

0.697345	0.418491

0.698082	0.419009

0.698818	0.419527

0.699555	0.420046

0.700291	0.420566

0.701026	0.421085

0.701761	0.421606

0.702496	0.422127

0.703231	0.422648

0.703965	0.42317

0.704698	0.423693

0.705431	0.424216

0.706164	0.424739

0.706896	0.425263

0.707628	0.425787

0.70836	0.426312

0.709091	0.426838

0.709822	0.427364

0.710552	0.42789

0.711282	0.428417

0.712012	0.428945

0.712741	0.429473

0.71347	0.430002

0.714198	0.430531

0.714926	0.43106

0.715654	0.431591

0.716381	0.432121

0.717108	0.432653

0.717834	0.433184

0.71856	0.433717

0.719285	0.43425

0.72001	0.434783

0.720735	0.435317

0.721459	0.435851

0.722183	0.436386

0.722907	0.436922

0.72363	0.437458

0.724352	0.437995

0.725074	0.438532

0.725796	0.43907

0.726517	0.439608

0.727238	0.440147

0.727959	0.440686

0.728679	0.441226

0.729399	0.441766

0.730118	0.442307

0.730837	0.442849

0.731555	0.443391

0.732273	0.443934

0.73299	0.444477

0.733708	0.445021

0.734424	0.445565

0.735141	0.44611

0.735856	0.446656

0.736572	0.447202

0.737287	0.447748

0.738001	0.448296

0.738715	0.448843

0.739429	0.449392

0.740142	0.449941

0.740855	0.45049

0.741567	0.45104

0.742279	0.451591

0.742991	0.452142

0.743702	0.452694

0.744412	0.453246

0.745122	0.453799

0.745832	0.454353

0.746541	0.454907

0.74725	0.455462

0.747959	0.456017

0.748667	0.456573

0.749374	0.457129

0.750081	0.457686

0.750788	0.458244

0.751494	0.458802

0.7522	0.459361

0.752905	0.45992

0.75361	0.46048

0.754314	0.461041

0.755018	0.461602

0.755721	0.462164

0.756424	0.462726

0.757127	0.463289

0.757829	0.463853

0.75853	0.464417

0.759232	0.464982

0.759932	0.465547

0.760633	0.466113

0.761332	0.46668

0.762032	0.467247

0.76273	0.467816

0.763428	0.468384

0.764125	0.468954

0.764822	0.469525

0.765517	0.470096

0.766213	0.470668

0.766907	0.47124

0.767601	0.471814

0.768295	0.472388

0.768988	0.472963

0.769681	0.473538

0.770373	0.474114

0.771064	0.47469

0.771755	0.475268

0.772446	0.475845

0.773136	0.476424

0.773826	0.477003

0.774515	0.477582

0.775204	0.478162

0.775893	0.478743

0.776581	0.479324

0.777269	0.479906

0.777957	0.480488

0.778644	0.48107

0.779332	0.481653

0.780019	0.482237

0.780705	0.48282

0.781392	0.483405

0.782078	0.483989

0.782764	0.484574

0.78345	0.48516

0.784136	0.485745

0.784822	0.486332

0.785507	0.486918

0.786193	0.487505

0.786879	0.488092

0.787564	0.488679

0.78825	0.489267

0.788935	0.489855

0.78962	0.490443

0.790306	0.491032

0.790991	0.49162

0.791677	0.492209

0.792363	0.492799

0.793049	0.493388

0.793734	0.493977

0.794421	0.494567

0.795107	0.495157

0.795793	0.495747

0.79648	0.496337

0.797167	0.496928

0.797854	0.497518

0.798541	0.498109

0.799228	0.4987

0.799916	0.49929

0.800605	0.499881

0.801293	0.500472

0.801982	0.501063

0.802671	0.501654

0.80336	0.502246

0.80405	0.502837

0.804739	0.503429

0.805429	0.504021

0.806119	0.504613

0.806809	0.505205

0.8075	0.505798

0.808191	0.506391

0.808881	0.506984

0.809572	0.507577

0.810263	0.50817

0.810955	0.508764

0.811646	0.509358

0.812338	0.509952

0.81303	0.510546

0.813721	0.511141

0.814414	0.511736

0.815106	0.512331

0.815798	0.512926

0.816491	0.513522

0.817183	0.514118

0.817876	0.514714

0.818569	0.515311

0.819262	0.515908

0.819955	0.516505

0.820648	0.517102

0.821342	0.5177

0.822035	0.518298

0.822729	0.518896

0.823422	0.519495

0.824116	0.520094

0.82481	0.520694

0.825504	0.521293

0.826198	0.521894

0.826892	0.522494

0.827587	0.523095

0.828281	0.523696

0.828975	0.524298

0.82967	0.5249

0.830364	0.525502

0.831059	0.526104

0.831753	0.526708

0.832448	0.527311

0.833143	0.527915

0.833838	0.528519

0.834532	0.529124

0.835227	0.529729

0.835922	0.530334

0.836617	0.53094

0.837312	0.531546

0.838007	0.532153

0.838702	0.53276

0.839397	0.533368

0.840092	0.533976

0.840787	0.534584

0.841483	0.535193

0.842178	0.535803

0.842873	0.536412

